2021 super output area - lower layer,mnemonic,Part-time: 15 hours or less worked,Part-time: 16 to 30 hours worked,Full-time: 31 to 48 hours worked,Full-time: 49 or more hours worked
Hartlepool 001A,E01011954,8.4,26.4,57.9,7.4
Hartlepool 001B,E01011969,7.6,18.7,64.7,9.0
Hartlepool 001C,E01011970,6.7,20.9,61.2,11.1
Hartlepool 001D,E01011971,7.2,20.3,62.7,9.7
Hartlepool 001F,E01033465,6.7,19.4,62.4,11.6
Hartlepool 001G,E01033467,5.3,16.6,65.8,12.3
Hartlepool 002A,E01011952,10.2,29.2,49.0,11.6
Hartlepool 002B,E01011953,11.8,26.1,54.7,7.4
Hartlepool 002C,E01011991,10.3,20.0,58.5,11.2
Hartlepool 002D,E01011992,8.8,19.5,63.0,8.8
Hartlepool 002E,E01011993,9.8,25.3,58.2,6.7
Hartlepool 002F,E01011994,7.0,23.8,61.7,7.5
Hartlepool 003A,E01011955,11.8,26.2,53.8,8.2
Hartlepool 003C,E01011957,7.9,25.7,61.0,5.5
Hartlepool 003G,E01032540,8.4,23.5,59.0,9.0
Hartlepool 003H,E01032541,11.0,24.2,58.0,6.8
Hartlepool 003I,E01033466,11.3,28.4,54.5,5.8
Hartlepool 007A,E01011951,9.3,25.5,57.1,8.1
Hartlepool 007B,E01011964,13.0,23.0,54.7,9.4
Hartlepool 007C,E01011967,8.7,21.8,61.8,7.7
Hartlepool 007D,E01011999,12.8,26.6,51.6,9.1
Hartlepool 007E,E01012000,12.8,19.4,60.7,7.1
Hartlepool 008A,E01011950,6.1,24.8,59.5,9.6
Hartlepool 008B,E01011986,8.0,24.9,59.5,7.6
Hartlepool 008C,E01011987,7.8,23.5,61.4,7.3
Hartlepool 008D,E01012001,8.8,24.7,58.9,7.7
Hartlepool 009A,E01011949,9.2,24.6,59.2,7.0
Hartlepool 009B,E01011980,10.5,20.5,59.7,9.3
Hartlepool 009C,E01011981,10.7,32.6,51.2,5.5
Hartlepool 009D,E01011984,6.7,23.2,61.2,8.9
Hartlepool 010A,E01011985,7.5,25.2,58.2,9.1
Hartlepool 010B,E01011988,8.8,25.1,58.4,7.7
Hartlepool 010C,E01011989,9.7,25.8,56.6,8.0
Hartlepool 010D,E01011990,8.9,25.5,58.0,7.7
Hartlepool 011A,E01011995,9.7,21.1,60.5,8.7
Hartlepool 011B,E01011996,8.5,20.7,60.6,10.2
Hartlepool 011C,E01011997,7.7,20.1,63.2,9.0
Hartlepool 011D,E01011998,7.5,18.0,63.1,11.4
Hartlepool 012A,E01011961,12.5,23.5,54.4,9.6
Hartlepool 012B,E01011962,11.6,29.0,52.8,6.6
Hartlepool 012C,E01011977,9.8,30.5,51.5,8.1
Hartlepool 012D,E01011978,7.9,25.0,57.6,9.5
Hartlepool 012E,E01011979,12.0,29.7,52.0,6.2
Hartlepool 014A,E01011959,10.6,15.6,55.8,18.0
Hartlepool 014B,E01011960,8.3,24.2,56.8,10.7
Hartlepool 014C,E01011963,8.7,23.4,57.0,10.9
Hartlepool 014D,E01011968,10.3,21.0,58.5,10.1
Hartlepool 014E,E01011982,10.2,19.6,55.6,14.6
Hartlepool 014F,E01012003,7.8,18.1,61.3,12.8
Hartlepool 014G,E01012005,7.9,18.1,63.5,10.5
Hartlepool 015G,E01011965,11.1,19.0,58.8,11.0
Hartlepool 015E,E01011966,8.6,22.4,59.1,9.9
Hartlepool 015B,E01011974,7.9,19.9,61.5,10.6
Hartlepool 015D,E01011975,8.5,25.2,60.9,5.4
Hartlepool 015F,E01011983,10.6,16.7,59.6,13.1
Hartlepool 015A,E01012002,9.0,22.2,59.8,9.0
Hartlepool 015C,E01035188,8.9,25.4,59.2,6.5
Middlesbrough 001A,E01012068,28.4,28.4,39.1,4.1
Middlesbrough 001D,E01012092,19.7,36.8,38.6,4.9
Middlesbrough 001E,E01012093,18.0,35.9,40.9,5.2
Middlesbrough 001H,E01035189,12.6,18.1,63.8,5.5
Middlesbrough 001I,E01035190,17.1,33.6,42.3,6.9
Middlesbrough 001J,E01035191,12.2,22.4,58.5,6.9
Middlesbrough 001K,E01035192,12.3,30.3,50.0,7.3
Middlesbrough 002A,E01012058,10.5,22.3,56.7,10.5
Middlesbrough 002B,E01012059,9.9,24.6,57.6,7.9
Middlesbrough 002C,E01012060,13.7,28.6,52.5,5.2
Middlesbrough 002D,E01012061,6.2,28.3,58.5,7.1
Middlesbrough 003A,E01012036,15.9,25.6,51.2,7.3
Middlesbrough 003B,E01012037,16.3,26.7,49.5,7.6
Middlesbrough 003C,E01012038,14.5,33.1,49.3,3.1
Middlesbrough 003D,E01012039,17.4,34.7,44.3,3.6
Middlesbrough 003E,E01012040,18.9,27.6,46.2,7.3
Middlesbrough 003F,E01012041,6.6,27.9,58.8,6.6
Middlesbrough 004A,E01012074,9.5,29.3,56.8,4.4
Middlesbrough 004B,E01012075,12.2,23.9,56.3,7.6
Middlesbrough 004C,E01012076,10.7,31.5,52.3,5.6
Middlesbrough 004D,E01012077,10.2,26.5,56.3,7.0
Middlesbrough 004E,E01012088,7.0,24.5,62.8,5.7
Middlesbrough 005A,E01012078,12.9,26.9,53.8,6.4
Middlesbrough 005B,E01012079,9.5,20.9,60.2,9.5
Middlesbrough 005C,E01012080,9.3,24.2,59.8,6.7
Middlesbrough 005D,E01012081,10.7,21.8,57.1,10.5
Middlesbrough 006A,E01012026,8.0,22.6,61.6,7.8
Middlesbrough 006B,E01012027,8.3,26.8,57.0,7.8
Middlesbrough 006E,E01033469,10.5,29.3,51.7,8.5
Middlesbrough 007A,E01012015,9.2,27.3,56.7,6.9
Middlesbrough 007B,E01012016,9.8,27.1,54.4,8.6
Middlesbrough 007C,E01012017,11.2,22.4,58.1,8.4
Middlesbrough 007D,E01012089,10.7,29.5,51.6,8.2
Middlesbrough 007E,E01012090,11.2,27.1,53.7,8.0
Middlesbrough 007F,E01012091,10.6,25.8,57.8,5.8
Middlesbrough 008A,E01012011,11.1,28.2,55.2,5.5
Middlesbrough 008B,E01012012,8.7,23.5,60.4,7.4
Middlesbrough 008C,E01012013,8.6,23.8,59.3,8.3
Middlesbrough 008D,E01012014,13.3,24.0,55.5,7.2
Middlesbrough 009A,E01012053,8.9,24.0,57.7,9.5
Middlesbrough 009B,E01012054,12.0,24.3,54.9,8.8
Middlesbrough 009C,E01012055,8.9,21.7,57.4,11.9
Middlesbrough 009D,E01012056,10.1,21.5,61.9,6.5
Middlesbrough 009E,E01012057,7.9,21.7,62.9,7.5
Middlesbrough 010A,E01012082,10.0,26.8,57.2,5.9
Middlesbrough 010B,E01012083,9.3,29.5,56.0,5.2
Middlesbrough 010C,E01012084,10.3,27.3,56.0,6.4
Middlesbrough 010D,E01012085,12.1,30.7,50.1,7.1
Middlesbrough 011A,E01012018,9.8,18.5,61.6,10.2
Middlesbrough 011B,E01012019,13.3,26.9,55.3,4.5
Middlesbrough 011C,E01012020,10.7,29.8,52.0,7.5
Middlesbrough 011D,E01012021,8.1,26.1,60.7,5.1
Middlesbrough 012A,E01012007,7.1,20.8,60.9,11.3
Middlesbrough 012B,E01012008,9.8,21.4,61.0,7.8
Middlesbrough 012C,E01012009,7.0,19.9,62.6,10.5
Middlesbrough 012D,E01012010,9.0,21.7,58.4,10.9
Middlesbrough 013A,E01012046,7.2,21.5,62.5,8.8
Middlesbrough 013B,E01012047,9.5,23.4,57.1,10.0
Middlesbrough 013C,E01012048,9.7,20.0,60.1,10.1
Middlesbrough 014A,E01012049,8.6,21.5,58.2,11.7
Middlesbrough 014B,E01012050,6.4,28.1,60.3,5.2
Middlesbrough 014C,E01012051,9.6,25.1,59.5,5.8
Middlesbrough 014D,E01012052,8.1,27.1,55.6,9.2
Middlesbrough 015A,E01012022,6.7,16.2,64.5,12.6
Middlesbrough 015B,E01012023,11.2,21.7,57.4,9.7
Middlesbrough 015C,E01012024,8.5,19.5,64.4,7.6
Middlesbrough 015D,E01012025,11.2,23.4,56.0,9.4
Middlesbrough 017A,E01012065,9.1,18.3,60.7,12.0
Middlesbrough 017B,E01012066,6.9,18.6,62.2,12.2
Middlesbrough 017C,E01012067,10.6,22.3,57.0,10.1
Middlesbrough 018A,E01012042,10.8,23.4,56.5,9.4
Middlesbrough 018B,E01012043,8.5,26.4,56.1,9.1
Middlesbrough 018C,E01012044,11.3,26.6,53.8,8.4
Middlesbrough 018D,E01012045,10.7,32.5,49.1,7.7
Middlesbrough 018G,E01032552,10.1,22.6,57.3,10.0
Middlesbrough 018I,E01035193,8.1,17.0,62.5,12.5
Middlesbrough 018J,E01035194,4.3,13.8,70.5,11.4
Middlesbrough 019A,E01012030,8.7,20.0,60.9,10.4
Middlesbrough 019B,E01012031,9.2,24.0,58.4,8.5
Middlesbrough 019C,E01012032,10.7,19.8,60.7,8.8
Middlesbrough 019D,E01012033,8.8,23.5,59.7,8.1
Middlesbrough 019E,E01012034,8.5,23.9,57.1,10.4
Middlesbrough 019F,E01012035,10.0,22.1,59.8,8.0
Middlesbrough 020A,E01012062,7.6,18.8,62.6,11.0
Middlesbrough 020B,E01012063,8.2,20.3,60.7,10.8
Middlesbrough 020D,E01012071,11.2,20.6,56.6,11.6
Middlesbrough 020E,E01012073,9.2,21.6,58.1,11.1
Middlesbrough 020F,E01032593,9.6,19.4,57.4,13.6
Middlesbrough 020G,E01035195,7.1,15.4,66.3,11.2
Middlesbrough 020H,E01035196,7.7,15.6,66.8,9.8
Redcar and Cleveland 001A,E01012100,10.4,24.9,55.6,9.0
Redcar and Cleveland 001B,E01012101,9.6,20.4,58.7,11.4
Redcar and Cleveland 001C,E01012102,10.1,25.8,55.8,8.2
Redcar and Cleveland 001D,E01012184,11.0,26.7,53.3,9.1
Redcar and Cleveland 002A,E01012105,7.0,22.1,61.5,9.3
Redcar and Cleveland 002B,E01012142,10.5,24.1,56.7,8.7
Redcar and Cleveland 002C,E01012143,7.5,24.8,59.3,8.4
Redcar and Cleveland 002D,E01012144,8.2,22.7,58.2,10.9
Redcar and Cleveland 003C,E01012106,9.3,24.8,56.8,9.1
Redcar and Cleveland 003D,E01012107,12.1,26.3,51.6,10.0
Redcar and Cleveland 003E,E01032560,7.6,20.8,61.6,9.9
Redcar and Cleveland 003F,E01032561,9.5,24.0,55.1,11.4
Redcar and Cleveland 004A,E01012176,8.8,19.5,60.6,11.1
Redcar and Cleveland 004B,E01012177,8.7,23.9,57.0,10.4
Redcar and Cleveland 004C,E01012178,9.9,18.6,62.8,8.7
Redcar and Cleveland 004D,E01012179,7.7,19.0,62.9,10.3
Redcar and Cleveland 004E,E01012180,7.7,20.7,61.1,10.5
Redcar and Cleveland 004F,E01012185,7.4,25.0,58.0,9.5
Redcar and Cleveland 004G,E01012186,10.9,23.2,55.4,10.4
Redcar and Cleveland 005A,E01012127,9.8,32.1,52.7,5.4
Redcar and Cleveland 005B,E01012128,11.4,27.0,54.2,7.3
Redcar and Cleveland 005C,E01012129,7.2,22.9,58.1,11.8
Redcar and Cleveland 005D,E01012130,8.4,21.4,61.1,9.0
Redcar and Cleveland 005E,E01012131,12.7,24.6,54.2,8.5
Redcar and Cleveland 006A,E01012138,7.9,20.2,58.6,13.3
Redcar and Cleveland 006B,E01012139,9.1,18.9,61.7,10.3
Redcar and Cleveland 006C,E01012140,7.2,24.3,55.4,13.1
Redcar and Cleveland 006D,E01012141,8.1,20.9,64.0,7.0
Redcar and Cleveland 006E,E01012154,7.8,22.9,60.1,9.3
Redcar and Cleveland 006F,E01012155,8.5,20.9,60.9,9.8
Redcar and Cleveland 006G,E01012156,10.5,20.8,59.0,9.7
Redcar and Cleveland 006H,E01012157,11.2,23.1,55.0,10.7
Redcar and Cleveland 007A,E01012158,10.5,25.0,53.7,10.7
Redcar and Cleveland 007B,E01012159,13.6,19.0,54.7,12.7
Redcar and Cleveland 007C,E01012160,12.3,28.6,50.1,9.0
Redcar and Cleveland 007D,E01012161,10.0,21.7,54.9,13.3
Redcar and Cleveland 009A,E01012113,6.8,32.1,53.8,7.2
Redcar and Cleveland 009B,E01012114,7.3,26.7,56.9,9.2
Redcar and Cleveland 009E,E01012175,8.2,31.2,51.8,8.8
Redcar and Cleveland 009F,E01033471,9.9,29.7,52.0,8.4
Redcar and Cleveland 010A,E01012095,11.3,21.8,57.6,9.4
Redcar and Cleveland 010B,E01012097,12.2,24.3,56.1,7.4
Redcar and Cleveland 010C,E01012098,8.6,17.9,61.6,11.9
Redcar and Cleveland 010D,E01012099,8.7,25.6,56.3,9.4
Redcar and Cleveland 011A,E01012108,8.7,27.0,55.5,8.7
Redcar and Cleveland 011B,E01012109,8.5,19.8,60.3,11.5
Redcar and Cleveland 011C,E01012110,7.6,21.6,59.7,11.1
Redcar and Cleveland 011D,E01012111,10.0,24.6,57.6,7.7
Redcar and Cleveland 011E,E01012171,9.8,30.7,50.6,9.0
Redcar and Cleveland 011F,E01012172,9.5,20.9,61.1,8.5
Redcar and Cleveland 012A,E01012162,9.5,25.0,56.1,9.3
Redcar and Cleveland 012B,E01012163,9.4,19.7,59.8,11.1
Redcar and Cleveland 012C,E01012164,11.5,25.5,51.1,11.9
Redcar and Cleveland 012D,E01012165,10.8,23.4,57.2,8.5
Redcar and Cleveland 013A,E01012096,11.3,25.9,54.1,8.7
Redcar and Cleveland 013D,E01012136,9.6,25.5,56.8,8.1
Redcar and Cleveland 013E,E01033473,8.1,25.2,58.7,7.9
Redcar and Cleveland 015A,E01012112,7.6,34.7,50.1,7.6
Redcar and Cleveland 015B,E01012145,9.4,18.4,61.9,10.3
Redcar and Cleveland 015C,E01012147,8.7,21.2,57.7,12.3
Redcar and Cleveland 015D,E01012149,8.3,19.8,59.5,12.3
Redcar and Cleveland 016A,E01012132,11.1,21.6,54.9,12.4
Redcar and Cleveland 016B,E01012134,13.5,24.9,49.6,12.0
Redcar and Cleveland 016C,E01012137,8.7,21.4,56.3,13.6
Redcar and Cleveland 016D,E01012181,9.5,23.7,56.7,10.1
Redcar and Cleveland 018A,E01012117,10.6,17.7,60.2,11.5
Redcar and Cleveland 018B,E01012118,10.7,22.4,57.7,9.3
Redcar and Cleveland 018C,E01012119,10.8,20.7,55.5,13.0
Redcar and Cleveland 018D,E01012121,11.8,26.8,53.5,7.9
Redcar and Cleveland 019E,E01032548,11.3,20.1,56.9,11.7
Redcar and Cleveland 019F,E01032549,10.2,19.7,57.6,12.5
Redcar and Cleveland 019G,E01033472,10.5,23.9,55.3,10.3
Redcar and Cleveland 020A,E01012120,9.6,22.0,59.5,9.0
Redcar and Cleveland 020B,E01012124,8.9,19.1,57.3,14.6
Redcar and Cleveland 020C,E01012182,9.9,19.4,59.4,11.3
Redcar and Cleveland 020D,E01012183,9.4,21.2,59.1,10.3
Redcar and Cleveland 021A,E01012148,9.8,28.1,55.2,7.0
Redcar and Cleveland 021B,E01012150,9.1,30.6,50.8,9.5
Redcar and Cleveland 021C,E01012151,8.1,22.9,58.7,10.3
Redcar and Cleveland 021D,E01012152,8.7,18.4,60.1,12.8
Redcar and Cleveland 021E,E01032594,9.1,22.6,56.2,12.1
Redcar and Cleveland 022A,E01012146,9.7,19.8,57.9,12.6
Redcar and Cleveland 022B,E01012167,6.7,20.7,64.1,8.4
Redcar and Cleveland 022C,E01012168,6.8,22.8,61.2,9.1
Redcar and Cleveland 022D,E01012170,11.8,28.6,51.7,7.8
Redcar and Cleveland 022E,E01012173,7.0,19.3,64.4,9.3
Redcar and Cleveland 022F,E01012174,10.3,26.0,53.8,9.9
Redcar and Cleveland 022G,E01033470,10.4,26.5,55.1,7.9
Stockton-on-Tees 001A,E01012242,10.7,18.1,60.8,10.4
Stockton-on-Tees 001B,E01012243,6.5,19.7,63.3,10.5
Stockton-on-Tees 001C,E01012244,8.2,20.3,62.3,9.2
Stockton-on-Tees 001D,E01012246,7.9,20.8,61.5,9.9
Stockton-on-Tees 001E,E01012296,8.2,17.7,63.5,10.5
Stockton-on-Tees 001F,E01012297,7.0,17.7,64.2,11.2
Stockton-on-Tees 002A,E01012197,8.4,23.5,58.5,9.6
Stockton-on-Tees 002B,E01012256,8.7,20.3,61.9,9.1
Stockton-on-Tees 002C,E01012257,9.1,21.4,60.5,9.0
Stockton-on-Tees 002D,E01012275,7.4,23.9,63.4,5.3
Stockton-on-Tees 002E,E01012276,8.7,20.6,61.3,9.4
Stockton-on-Tees 002F,E01012277,10.2,26.9,55.4,7.5
Stockton-on-Tees 003A,E01012196,8.2,24.6,60.4,6.8
Stockton-on-Tees 003B,E01012198,10.1,25.6,54.7,9.7
Stockton-on-Tees 003C,E01012214,6.9,24.0,60.1,8.9
Stockton-on-Tees 003D,E01012215,9.0,24.8,58.1,8.1
Stockton-on-Tees 003E,E01012216,9.5,22.9,59.2,8.5
Stockton-on-Tees 003F,E01012245,13.2,27.7,52.1,7.1
Stockton-on-Tees 004A,E01012278,10.2,24.2,54.4,11.2
Stockton-on-Tees 004B,E01012279,9.0,22.2,61.5,7.3
Stockton-on-Tees 004C,E01012280,6.7,18.5,64.7,10.0
Stockton-on-Tees 004D,E01012281,10.5,25.3,56.1,8.1
Stockton-on-Tees 005A,E01012255,10.5,21.5,57.0,11.0
Stockton-on-Tees 005B,E01012269,11.1,17.7,56.2,14.9
Stockton-on-Tees 005D,E01012294,11.0,15.3,59.4,14.4
Stockton-on-Tees 005E,E01012295,10.2,20.0,60.1,9.7
Stockton-on-Tees 005F,E01033476,10.0,15.4,57.6,16.9
Stockton-on-Tees 005G,E01033480,9.0,15.0,59.7,16.2
Stockton-on-Tees 006A,E01012210,11.3,22.7,57.9,8.2
Stockton-on-Tees 006B,E01012211,6.2,18.5,62.8,12.4
Stockton-on-Tees 006C,E01012212,8.6,18.6,60.3,12.5
Stockton-on-Tees 006D,E01012213,7.8,22.7,60.1,9.4
Stockton-on-Tees 007A,E01012192,8.4,23.3,59.1,9.2
Stockton-on-Tees 007B,E01012193,8.2,25.6,59.8,6.3
Stockton-on-Tees 007C,E01012260,8.8,20.8,61.6,8.7
Stockton-on-Tees 007D,E01012261,6.3,22.6,63.0,8.1
Stockton-on-Tees 008A,E01012247,7.2,27.1,56.7,9.0
Stockton-on-Tees 008B,E01012249,8.5,27.0,58.0,6.5
Stockton-on-Tees 008C,E01012271,8.8,25.3,56.8,9.1
Stockton-on-Tees 008D,E01012272,8.1,20.8,61.3,9.7
Stockton-on-Tees 008E,E01012273,10.8,31.1,52.3,5.8
Stockton-on-Tees 008F,E01012274,7.2,24.7,60.2,8.0
Stockton-on-Tees 009D,E01012248,9.8,24.0,58.4,7.8
Stockton-on-Tees 009E,E01012250,6.8,23.5,60.6,9.1
Stockton-on-Tees 009F,E01032542,7.9,23.3,59.7,9.1
Stockton-on-Tees 009G,E01032543,10.0,29.8,53.3,7.0
Stockton-on-Tees 009H,E01032544,6.7,19.3,65.0,9.0
Stockton-on-Tees 010A,E01012194,7.2,24.1,61.4,7.3
Stockton-on-Tees 010B,E01012195,9.5,29.4,51.9,9.2
Stockton-on-Tees 010C,E01012258,17.0,26.3,47.8,8.9
Stockton-on-Tees 010D,E01012259,8.6,22.4,60.3,8.7
Stockton-on-Tees 010E,E01012268,7.4,18.0,66.8,7.8
Stockton-on-Tees 011A,E01012187,9.7,23.6,57.7,9.0
Stockton-on-Tees 011B,E01012188,7.7,21.7,61.7,8.9
Stockton-on-Tees 011C,E01012189,10.1,20.5,59.6,9.9
Stockton-on-Tees 011D,E01012205,9.9,19.1,62.5,8.4
Stockton-on-Tees 012A,E01012219,8.5,24.1,56.7,10.8
Stockton-on-Tees 012B,E01012251,12.0,25.0,55.3,7.6
Stockton-on-Tees 012C,E01012252,9.3,24.9,59.5,6.3
Stockton-on-Tees 012D,E01012253,12.6,22.5,53.8,11.1
Stockton-on-Tees 012E,E01012254,9.4,24.3,57.7,8.7
Stockton-on-Tees 013A,E01012204,12.0,20.8,58.7,8.6
Stockton-on-Tees 013B,E01012206,9.4,21.9,61.2,7.5
Stockton-on-Tees 013C,E01012207,9.8,19.6,61.4,9.2
Stockton-on-Tees 013D,E01012208,9.8,19.2,63.4,7.5
Stockton-on-Tees 015A,E01012190,8.4,20.9,61.1,9.6
Stockton-on-Tees 015B,E01012191,9.5,26.1,56.9,7.4
Stockton-on-Tees 015C,E01012224,8.8,19.1,61.9,10.2
Stockton-on-Tees 015D,E01012225,7.2,22.7,59.2,10.9
Stockton-on-Tees 015E,E01012226,9.5,20.6,62.0,7.9
Stockton-on-Tees 016A,E01012209,8.1,22.3,61.0,8.6
Stockton-on-Tees 016B,E01012217,9.7,25.9,55.9,8.6
Stockton-on-Tees 016C,E01012218,8.2,18.6,61.4,11.8
Stockton-on-Tees 016D,E01012223,11.8,17.3,61.5,9.4
Stockton-on-Tees 017A,E01012286,11.3,28.7,53.1,6.9
Stockton-on-Tees 017B,E01012287,8.6,19.5,63.5,8.4
Stockton-on-Tees 017C,E01012288,8.9,26.9,60.3,3.9
Stockton-on-Tees 017D,E01012289,11.4,22.3,58.0,8.2
Stockton-on-Tees 018A,E01012238,9.3,27.0,56.7,7.0
Stockton-on-Tees 018B,E01012239,7.5,20.7,63.6,8.1
Stockton-on-Tees 018C,E01012240,6.7,21.9,61.9,9.6
Stockton-on-Tees 018D,E01012241,8.7,24.2,59.7,7.4
Stockton-on-Tees 019A,E01012290,8.4,21.9,60.4,9.3
Stockton-on-Tees 019B,E01012291,9.3,20.6,61.2,8.9
Stockton-on-Tees 019C,E01012292,7.3,22.4,61.5,8.9
Stockton-on-Tees 020A,E01012282,11.5,21.7,59.8,7.0
Stockton-on-Tees 020B,E01012283,8.6,25.2,60.5,5.7
Stockton-on-Tees 020C,E01012284,10.3,26.7,52.6,10.3
Stockton-on-Tees 020D,E01012285,8.0,22.1,60.9,9.1
Stockton-on-Tees 021A,E01012199,9.3,22.7,55.5,12.5
Stockton-on-Tees 021B,E01012200,9.6,18.6,57.4,14.4
Stockton-on-Tees 021C,E01012201,8.0,19.4,61.6,11.0
Stockton-on-Tees 021D,E01012202,10.2,18.8,56.9,14.1
Stockton-on-Tees 021E,E01012203,8.5,17.7,61.5,12.3
Stockton-on-Tees 021F,E01012270,8.6,23.3,55.1,13.0
Stockton-on-Tees 022A,E01012228,8.8,19.3,62.1,9.9
Stockton-on-Tees 022B,E01012230,6.7,18.2,61.7,13.4
Stockton-on-Tees 022C,E01012233,9.2,15.9,59.2,15.8
Stockton-on-Tees 022D,E01012236,9.2,19.8,62.7,8.3
Stockton-on-Tees 022E,E01012237,9.9,20.8,55.9,13.4
Stockton-on-Tees 024A,E01012235,8.1,15.2,62.0,14.6
Stockton-on-Tees 024B,E01012298,11.6,20.7,52.9,14.9
Stockton-on-Tees 024C,E01012299,9.2,13.4,60.1,17.4
Stockton-on-Tees 024D,E01012300,12.3,20.6,58.0,9.0
Stockton-on-Tees 024E,E01012301,9.4,17.5,60.1,13.1
Stockton-on-Tees 024F,E01012302,7.8,18.1,61.9,12.1
Stockton-on-Tees 024G,E01012303,7.8,18.7,62.5,11.1
Stockton-on-Tees 025C,E01012267,16.0,25.6,52.8,5.6
Stockton-on-Tees 025A,E01035197,11.3,31.0,44.3,13.4
Stockton-on-Tees 025B,E01035198,4.9,14.8,69.4,11.0
Stockton-on-Tees 025D,E01035199,13.0,21.3,51.9,13.7
Stockton-on-Tees 026B,E01012262,9.0,28.0,54.8,8.2
Stockton-on-Tees 026A,E01035200,15.5,17.1,60.5,6.8
Stockton-on-Tees 026C,E01035201,6.2,17.5,66.7,9.6
Stockton-on-Tees 026D,E01035202,7.0,21.8,62.4,8.9
Stockton-on-Tees 027D,E01012227,7.4,20.8,59.7,12.2
Stockton-on-Tees 027C,E01033474,5.9,16.6,66.0,11.5
Stockton-on-Tees 027A,E01033479,8.2,15.8,65.2,10.7
Stockton-on-Tees 027B,E01035203,6.0,13.9,67.5,12.6
Stockton-on-Tees 028C,E01012231,7.5,17.0,64.3,11.2
Stockton-on-Tees 028D,E01012232,9.5,17.4,65.0,8.1
Stockton-on-Tees 028E,E01012234,10.8,17.3,61.7,10.2
Stockton-on-Tees 028A,E01033475,6.5,16.9,61.5,15.1
Stockton-on-Tees 028B,E01035204,7.8,19.9,57.0,15.2
Darlington 001B,E01012334,8.7,17.5,59.0,14.8
Darlington 001C,E01012335,11.8,16.8,57.2,14.2
Darlington 001D,E01012366,9.9,18.1,54.3,17.7
Darlington 001E,E01033481,6.3,17.5,64.7,11.5
Darlington 001F,E01033482,7.7,16.9,64.1,11.3
Darlington 002C,E01012323,7.5,21.5,62.7,8.3
Darlington 002D,E01012324,7.1,19.3,63.7,9.8
Darlington 002E,E01032545,9.4,20.6,61.9,8.1
Darlington 002F,E01032546,7.8,22.1,60.1,10.0
Darlington 003A,E01012328,8.2,20.8,65.0,5.9
Darlington 003B,E01012329,10.3,20.8,57.5,11.3
Darlington 003C,E01012330,7.2,18.8,64.3,9.8
Darlington 003D,E01012331,6.2,21.3,65.2,7.3
Darlington 004A,E01012349,10.1,23.8,58.3,7.9
Darlington 004B,E01012350,9.7,18.7,64.2,7.4
Darlington 004C,E01012351,8.1,23.1,62.0,6.9
Darlington 004D,E01012352,8.5,19.6,64.0,7.9
Darlington 005A,E01012325,10.0,18.3,60.0,11.6
Darlington 005B,E01012326,8.4,22.6,58.8,10.1
Darlington 005C,E01012332,9.9,24.5,57.9,7.7
Darlington 005D,E01012333,8.0,21.1,62.8,8.1
Darlington 006A,E01012309,7.5,19.6,64.5,8.4
Darlington 006B,E01012310,7.3,22.2,61.8,8.7
Darlington 006C,E01012311,7.4,21.9,62.8,7.9
Darlington 006D,E01012312,8.5,20.7,61.4,9.5
Darlington 006E,E01012313,6.5,26.1,62.0,5.4
Darlington 006F,E01012314,11.1,26.2,54.0,8.7
Darlington 009A,E01012307,9.3,21.8,61.1,7.8
Darlington 009B,E01012327,8.0,28.1,56.3,7.6
Darlington 009C,E01012342,7.1,20.8,63.5,8.7
Darlington 009E,E01035183,7.2,19.5,67.4,5.9
Darlington 009F,E01035184,9.6,19.1,63.9,7.4
Darlington 010A,E01012315,7.7,20.6,63.5,8.1
Darlington 010C,E01012360,7.5,19.5,60.3,12.7
Darlington 010D,E01035185,9.5,17.6,59.3,13.6
Darlington 010E,E01035186,8.1,14.6,62.5,14.8
Darlington 011A,E01012336,11.1,18.9,57.1,12.9
Darlington 011B,E01012337,9.3,17.7,63.8,9.3
Darlington 011C,E01012347,8.8,22.2,59.8,9.2
Darlington 011D,E01012348,8.2,18.6,63.7,9.5
Darlington 011E,E01012361,10.0,19.6,56.1,14.4
Darlington 012A,E01012304,8.6,19.2,63.1,9.1
Darlington 012B,E01012305,7.0,17.5,67.8,7.8
Darlington 012C,E01012306,8.4,20.7,61.7,9.2
Darlington 012D,E01012340,5.5,19.8,64.9,9.9
Darlington 012E,E01012341,10.2,22.9,60.4,6.5
Darlington 013A,E01012317,9.5,21.8,58.5,10.2
Darlington 013B,E01012318,8.4,22.2,59.5,9.9
Darlington 013C,E01012319,8.0,19.8,63.9,8.3
Darlington 014A,E01012356,8.2,14.3,67.7,9.8
Darlington 014B,E01012357,8.1,22.4,60.4,9.1
Darlington 014C,E01012358,8.0,22.5,60.4,9.1
Darlington 014D,E01012359,9.3,23.5,59.7,7.5
Darlington 015A,E01012338,9.8,20.4,59.0,10.8
Darlington 015B,E01012339,8.6,19.9,57.4,14.1
Darlington 015C,E01012344,11.0,20.4,59.1,9.5
Darlington 015D,E01012345,11.3,18.3,58.0,12.4
Darlington 015E,E01012346,7.7,16.4,62.3,13.6
Darlington 016E,E01012353,7.9,20.1,64.9,7.0
Darlington 016F,E01012354,9.6,20.4,62.0,8.0
Darlington 016G,E01012355,9.1,18.1,60.6,12.2
Darlington 016A,E01012362,7.7,17.0,68.6,6.7
Darlington 016B,E01012363,6.6,18.7,69.3,5.4
Darlington 016D,E01012364,6.5,17.3,68.5,7.6
Darlington 016C,E01012365,11.3,19.1,63.0,6.6
Darlington 016H,E01035187,10.4,16.8,64.3,8.6
County Durham 002A,E01020613,6.7,20.7,60.4,12.2
County Durham 002B,E01020614,8.8,20.2,62.3,8.7
County Durham 002C,E01020622,10.4,19.0,61.5,9.1
County Durham 002D,E01020623,8.2,18.3,64.1,9.4
County Durham 005A,E01020606,8.4,17.9,64.1,9.6
County Durham 005B,E01020615,8.4,22.2,61.5,7.9
County Durham 005C,E01020616,7.3,21.6,63.7,7.4
County Durham 005D,E01020617,7.1,16.6,66.8,9.5
County Durham 007A,E01020596,8.3,23.4,60.2,8.2
County Durham 007B,E01020597,9.3,16.4,66.2,8.1
County Durham 007C,E01020598,9.8,17.1,65.5,7.7
County Durham 007D,E01020611,6.9,15.3,67.2,10.5
County Durham 007E,E01020612,9.7,16.2,62.0,12.1
County Durham 011A,E01020592,9.1,26.0,57.2,7.6
County Durham 011B,E01020593,6.3,19.4,65.1,9.2
County Durham 011C,E01020599,11.6,21.3,59.4,7.7
County Durham 011D,E01020601,9.8,19.1,61.2,9.9
County Durham 011E,E01020602,8.4,22.5,61.7,7.4
County Durham 011F,E01020618,8.4,18.2,63.2,10.3
County Durham 013A,E01020594,8.0,19.8,62.8,9.3
County Durham 013B,E01020595,8.2,20.0,60.2,11.5
County Durham 013C,E01020600,8.7,20.5,59.5,11.3
County Durham 013D,E01020603,8.9,16.4,62.1,12.5
County Durham 013E,E01020605,8.4,18.0,64.1,9.4
County Durham 015A,E01020590,9.9,21.6,59.2,9.4
County Durham 015B,E01020591,9.2,22.8,56.8,11.1
County Durham 015C,E01020608,7.8,21.0,60.1,11.1
County Durham 015D,E01020609,7.8,22.3,58.1,11.9
County Durham 015E,E01020610,7.7,20.6,62.2,9.5
County Durham 019A,E01020604,11.3,21.1,56.3,11.3
County Durham 019B,E01020607,9.8,19.8,61.1,9.2
County Durham 019C,E01020619,6.5,21.5,64.1,8.0
County Durham 019D,E01020620,8.5,19.5,64.1,7.9
County Durham 019E,E01020621,7.9,21.4,63.3,7.4
County Durham 001A,E01020634,6.9,19.3,61.4,12.3
County Durham 001B,E01020635,9.0,18.9,60.1,12.0
County Durham 001C,E01020636,5.6,19.6,65.9,9.0
County Durham 001D,E01020654,6.5,17.4,66.9,9.2
County Durham 001E,E01020676,9.4,19.0,63.0,8.6
County Durham 003A,E01020627,7.3,19.1,64.7,9.0
County Durham 003B,E01020628,10.2,17.0,60.3,12.5
County Durham 003C,E01020629,9.6,21.0,60.3,9.1
County Durham 003D,E01020655,9.3,18.2,61.4,11.0
County Durham 003E,E01020656,9.9,20.8,57.0,12.3
County Durham 003F,E01020657,7.6,21.8,60.5,10.1
County Durham 004A,E01020661,7.1,17.5,67.6,7.9
County Durham 004B,E01020662,8.8,17.7,65.1,8.4
County Durham 004C,E01020663,7.5,19.4,63.4,9.7
County Durham 004D,E01020674,11.0,22.6,58.4,8.0
County Durham 004E,E01020678,7.8,18.4,64.8,9.0
County Durham 006A,E01020626,6.3,20.4,66.5,6.7
County Durham 006B,E01020638,7.3,20.1,63.8,8.9
County Durham 006C,E01020639,6.4,23.3,60.8,9.4
County Durham 006D,E01020653,8.8,19.2,63.2,8.8
County Durham 006E,E01020677,8.9,19.5,58.8,12.8
County Durham 008A,E01020647,10.1,21.7,61.4,6.8
County Durham 008B,E01020648,6.2,16.9,69.8,7.2
County Durham 008C,E01020649,9.3,20.3,63.7,6.8
County Durham 008D,E01020673,9.6,21.0,62.4,7.0
County Durham 008E,E01020675,9.3,20.9,60.7,9.1
County Durham 009A,E01020624,7.4,20.6,62.6,9.5
County Durham 009B,E01020625,11.2,20.9,57.9,10.0
County Durham 009C,E01020670,7.6,21.6,65.5,5.3
County Durham 009D,E01020671,8.5,21.2,61.7,8.5
County Durham 009E,E01020672,7.9,23.0,58.2,10.9
County Durham 010A,E01020632,8.7,17.2,64.3,9.7
County Durham 010B,E01020640,9.0,18.3,64.7,8.0
County Durham 010C,E01020641,7.0,17.4,65.0,10.5
County Durham 010D,E01020642,9.4,20.9,60.5,9.2
County Durham 010E,E01020643,7.1,20.7,63.8,8.3
County Durham 010F,E01020667,8.5,20.3,63.0,8.2
County Durham 012A,E01020650,7.6,19.4,63.7,9.3
County Durham 012B,E01020651,9.7,19.3,62.3,8.7
County Durham 012C,E01020652,6.6,20.0,63.6,9.8
County Durham 012D,E01020668,9.4,21.9,63.4,5.3
County Durham 012E,E01020669,8.5,19.8,63.5,8.2
County Durham 014A,E01020630,10.7,21.5,57.2,10.7
County Durham 014B,E01020631,9.3,22.0,59.6,9.1
County Durham 014C,E01020637,7.8,18.3,60.9,13.0
County Durham 014E,E01020645,8.2,21.3,63.8,6.7
County Durham 014F,E01034489,8.3,17.4,65.3,8.9
County Durham 014G,E01034490,6.0,15.0,67.4,11.5
County Durham 014H,E01034491,6.0,21.2,63.9,8.8
County Durham 020A,E01020633,8.0,21.0,59.7,11.3
County Durham 020B,E01020664,10.7,19.7,54.3,15.3
County Durham 020C,E01020665,10.0,22.9,57.3,9.8
County Durham 020D,E01020666,8.5,18.1,61.8,11.5
County Durham 024A,E01020646,8.2,20.6,56.1,15.1
County Durham 024B,E01020658,6.9,23.5,63.3,6.3
County Durham 024C,E01020659,7.6,20.0,62.9,9.6
County Durham 024D,E01020660,10.6,18.3,57.4,13.7
County Durham 022A,E01020709,11.5,20.3,55.2,13.1
County Durham 022B,E01020717,9.5,15.9,64.9,9.7
County Durham 022C,E01020718,7.8,24.5,57.8,9.8
County Durham 022D,E01020719,6.5,17.4,66.8,9.3
County Durham 022E,E01020721,9.9,22.0,60.1,7.9
County Durham 023A,E01020708,8.2,16.5,61.1,14.2
County Durham 023B,E01020710,7.8,16.3,67.8,8.1
County Durham 023C,E01020711,10.4,22.1,60.7,6.8
County Durham 023D,E01020720,8.2,20.4,64.0,7.4
County Durham 026A,E01020679,8.1,25.4,58.1,8.4
County Durham 026B,E01020680,9.4,17.4,60.5,12.8
County Durham 026C,E01020681,9.0,20.6,62.2,8.1
County Durham 026D,E01020714,7.1,19.5,63.6,9.8
County Durham 026E,E01020716,8.1,25.4,57.6,8.9
County Durham 027A,E01020725,11.4,18.1,59.8,10.7
County Durham 027B,E01020726,11.9,17.1,58.8,12.1
County Durham 027C,E01020727,10.1,21.5,60.4,8.0
County Durham 027D,E01020729,9.4,18.5,62.5,9.6
County Durham 027E,E01020730,11.0,20.4,60.0,8.6
County Durham 027F,E01020731,8.5,19.9,62.7,8.8
County Durham 028A,E01020682,10.5,16.7,63.3,9.5
County Durham 028B,E01020683,9.4,15.6,66.1,8.8
County Durham 028C,E01020690,9.7,22.6,60.7,7.0
County Durham 028D,E01020691,7.1,21.9,62.6,8.4
County Durham 028E,E01020692,7.3,16.8,66.6,9.3
County Durham 029A,E01020693,13.6,17.5,60.5,8.5
County Durham 029B,E01020722,16.1,19.4,57.5,7.1
County Durham 029C,E01020723,24.5,16.5,50.0,9.0
County Durham 029D,E01020724,15.1,29.6,49.2,6.1
County Durham 030A,E01020703,48.9,11.5,32.3,7.3
County Durham 030E,E01033195,33.7,15.4,41.9,9.0
County Durham 030F,E01033197,41.3,14.6,29.2,14.9
County Durham 030H,E01034493,57.7,12.2,22.6,7.5
County Durham 033B,E01020702,12.2,12.8,59.8,15.1
County Durham 033C,E01020704,27.2,16.2,43.6,13.0
County Durham 033D,E01020712,15.7,17.1,55.2,12.0
County Durham 033F,E01034496,13.7,16.7,52.9,16.7
County Durham 033G,E01034497,8.6,15.4,64.5,11.5
County Durham 033H,E01034498,17.6,14.5,54.4,13.6
County Durham 033I,E01034499,6.6,18.1,65.2,10.1
County Durham 031A,E01020705,8.6,20.1,64.5,6.8
County Durham 031B,E01020706,8.6,20.7,60.8,9.9
County Durham 031D,E01034494,6.9,18.3,64.4,10.4
County Durham 031E,E01034495,8.4,21.9,61.2,8.5
County Durham 038A,E01020685,11.6,18.5,58.9,10.9
County Durham 038B,E01020686,10.2,26.2,58.5,5.1
County Durham 038C,E01020687,7.3,20.1,65.7,6.9
County Durham 038D,E01020688,8.0,23.7,59.4,8.9
County Durham 038E,E01020689,8.3,24.2,61.1,6.4
County Durham 041A,E01020694,9.5,18.8,61.4,10.3
County Durham 041B,E01020696,7.9,16.9,62.1,13.1
County Durham 041C,E01020697,7.9,18.7,65.1,8.3
County Durham 041D,E01020732,8.9,15.7,60.0,15.4
County Durham 044A,E01020695,6.9,16.3,67.1,9.7
County Durham 044B,E01020698,6.0,16.8,67.5,9.8
County Durham 044C,E01020699,6.0,19.9,65.1,8.9
County Durham 044D,E01020700,8.7,17.3,66.1,7.8
County Durham 044E,E01020701,8.3,16.7,64.7,10.3
County Durham 016A,E01020750,8.8,18.7,65.0,7.4
County Durham 016D,E01020786,7.9,19.6,61.2,11.3
County Durham 016E,E01020787,6.2,22.0,65.6,6.3
County Durham 016F,E01033163,6.8,15.1,67.3,10.8
County Durham 016H,E01034492,6.5,21.3,64.2,8.0
County Durham 017A,E01020740,7.2,20.7,61.8,10.3
County Durham 017B,E01020741,8.4,18.4,64.6,8.6
County Durham 017C,E01020742,7.2,22.9,62.6,7.3
County Durham 017D,E01020782,7.4,18.2,66.5,7.8
County Durham 017E,E01020783,8.1,23.0,60.9,8.0
County Durham 017F,E01020784,8.8,21.5,59.6,10.1
County Durham 018A,E01020743,6.6,22.8,61.9,8.8
County Durham 018B,E01020747,6.6,23.4,64.3,5.7
County Durham 018C,E01020748,8.8,24.9,57.4,8.8
County Durham 018D,E01020749,8.3,24.4,60.9,6.4
County Durham 018E,E01020773,7.6,18.9,68.4,5.1
County Durham 018F,E01020775,7.9,26.8,57.2,8.1
County Durham 021C,E01020776,7.2,19.7,63.9,9.2
County Durham 021D,E01033161,6.3,16.3,66.8,10.6
County Durham 021E,E01033198,6.9,24.1,63.0,6.0
County Durham 021F,E01033205,6.7,19.6,64.5,9.2
County Durham 021G,E01033206,6.6,19.2,65.8,8.5
County Durham 025A,E01020751,6.6,19.5,66.7,7.3
County Durham 025B,E01020752,6.2,27.4,60.2,6.2
County Durham 025C,E01020754,10.5,19.1,60.2,10.2
County Durham 025D,E01020756,7.7,17.6,63.7,11.0
County Durham 032A,E01020745,10.5,24.9,58.9,5.7
County Durham 032B,E01020753,7.8,18.4,65.4,8.4
County Durham 032C,E01020757,8.5,23.8,61.7,6.1
County Durham 032D,E01020758,7.1,21.1,63.4,8.4
County Durham 032E,E01020759,8.2,21.0,63.3,7.5
County Durham 032F,E01020765,8.3,21.2,63.5,7.0
County Durham 034A,E01020760,7.2,16.4,67.0,9.4
County Durham 034B,E01020761,8.6,19.9,64.6,6.9
County Durham 034C,E01020762,9.2,20.5,63.8,6.5
County Durham 034D,E01020763,7.7,22.2,58.9,11.2
County Durham 036A,E01020764,10.7,24.1,57.3,7.9
County Durham 036B,E01020766,10.2,22.8,61.5,5.4
County Durham 036C,E01020767,7.1,26.6,59.8,6.4
County Durham 036D,E01020768,9.1,20.2,62.4,8.3
County Durham 035A,E01020733,8.4,20.6,63.7,7.4
County Durham 035B,E01020734,9.4,18.1,65.3,7.3
County Durham 035C,E01020735,8.8,17.6,68.0,5.6
County Durham 035D,E01020770,6.8,22.1,62.8,8.3
County Durham 035E,E01020771,9.2,17.9,64.7,8.2
County Durham 035F,E01020780,6.1,21.9,64.2,7.9
County Durham 037A,E01020746,7.0,16.7,66.5,9.7
County Durham 037B,E01020769,10.1,20.4,60.7,8.8
County Durham 037C,E01020777,7.8,22.6,62.9,6.7
County Durham 037D,E01020778,7.8,16.3,68.0,7.8
County Durham 037E,E01020779,7.0,18.0,67.5,7.5
County Durham 039B,E01020737,5.7,20.9,64.7,8.7
County Durham 039D,E01020739,6.1,18.1,64.9,10.8
County Durham 039E,E01020744,5.9,20.4,65.1,8.6
County Durham 039F,E01034500,9.6,20.1,61.3,9.0
County Durham 040A,E01020788,8.8,16.5,65.2,9.5
County Durham 040B,E01020789,6.3,17.2,65.9,10.6
County Durham 040C,E01020790,8.1,16.7,67.7,7.5
County Durham 040D,E01020791,9.9,21.2,59.5,9.4
County Durham 040E,E01020792,8.6,18.4,65.5,7.6
County Durham 043A,E01020772,9.6,19.0,58.7,12.7
County Durham 043B,E01020793,9.2,23.5,61.2,6.0
County Durham 043C,E01020794,6.0,19.5,65.5,9.0
County Durham 043D,E01020795,10.2,18.0,62.5,9.3
County Durham 047A,E01020817,6.6,17.3,66.4,9.8
County Durham 047B,E01020818,8.5,19.5,64.9,7.1
County Durham 047C,E01020819,9.0,25.3,59.9,5.7
County Durham 047D,E01020837,8.9,17.3,66.9,6.8
County Durham 047E,E01020843,9.3,16.9,60.8,13.1
County Durham 048A,E01020809,7.4,21.6,62.2,8.8
County Durham 048B,E01020810,11.6,18.9,59.4,10.1
County Durham 048C,E01020811,9.6,21.0,60.5,8.9
County Durham 048D,E01020812,7.3,23.6,58.4,10.7
County Durham 048E,E01020827,8.4,20.5,62.6,8.5
County Durham 049A,E01020806,8.7,20.8,62.0,8.5
County Durham 049B,E01020807,9.0,21.2,60.1,9.7
County Durham 049C,E01020820,5.6,15.8,69.7,8.8
County Durham 049E,E01034501,11.4,24.9,58.5,5.1
County Durham 049F,E01034502,4.8,12.8,71.3,11.0
County Durham 050A,E01020797,8.9,18.9,61.8,10.4
County Durham 050B,E01020798,7.4,21.5,65.0,6.1
County Durham 050C,E01020799,5.6,19.1,67.8,7.4
County Durham 050D,E01020808,8.9,19.0,63.4,8.7
County Durham 052A,E01020821,7.2,16.8,65.7,10.2
County Durham 052B,E01020822,8.7,16.7,63.4,11.2
County Durham 052C,E01020823,7.5,19.2,62.1,11.2
County Durham 052D,E01020835,7.6,17.0,66.7,8.7
County Durham 052F,E01034503,5.9,14.8,69.7,9.6
County Durham 052G,E01034504,6.5,18.0,66.0,9.6
County Durham 053D,E01020805,6.8,20.2,63.7,9.3
County Durham 053F,E01034505,8.1,17.3,67.0,7.6
County Durham 053G,E01034506,8.2,17.8,65.0,9.0
County Durham 053H,E01034507,6.1,16.3,68.3,9.4
County Durham 053I,E01034508,6.2,14.2,68.0,11.7
County Durham 054A,E01020796,8.7,17.8,61.4,12.0
County Durham 054B,E01020828,11.9,18.1,50.8,19.2
County Durham 054C,E01020829,7.8,17.6,63.1,11.5
County Durham 054D,E01020830,8.8,18.7,61.4,11.1
County Durham 059A,E01020801,8.9,19.0,64.3,7.8
County Durham 059B,E01020802,9.9,18.5,62.5,9.1
County Durham 059C,E01020838,7.9,21.8,63.0,7.4
County Durham 059D,E01020839,7.5,21.7,64.9,5.9
County Durham 059E,E01020840,8.6,19.7,61.4,10.3
County Durham 059F,E01020841,6.5,25.8,61.8,5.8
County Durham 060A,E01020813,8.5,15.5,66.3,9.7
County Durham 060B,E01020814,6.0,15.2,69.9,8.9
County Durham 060C,E01020815,7.7,18.5,65.3,8.5
County Durham 060D,E01020848,8.6,17.6,64.8,9.0
County Durham 060E,E01020850,5.9,17.3,65.5,11.3
County Durham 060F,E01020851,8.4,17.6,63.0,11.0
County Durham 061A,E01020816,7.7,20.2,65.5,6.6
County Durham 061B,E01020844,7.9,19.4,62.5,10.2
County Durham 061C,E01020847,8.7,21.1,60.4,9.8
County Durham 061D,E01020849,7.9,20.5,65.7,5.9
County Durham 062A,E01020825,7.7,18.3,64.9,9.1
County Durham 062B,E01020831,8.5,20.0,62.5,9.0
County Durham 062C,E01020833,8.9,16.4,65.0,9.6
County Durham 062D,E01020834,7.2,20.4,64.8,7.7
County Durham 063A,E01020824,9.8,16.4,66.3,7.5
County Durham 063B,E01020826,8.7,18.8,64.2,8.3
County Durham 063C,E01020832,8.1,17.2,67.4,7.2
County Durham 063D,E01020845,7.8,19.8,62.8,9.6
County Durham 063E,E01020846,9.4,18.8,60.8,11.0
County Durham 064A,E01020856,9.4,21.0,58.4,11.1
County Durham 064B,E01020858,9.5,21.0,54.8,14.6
County Durham 064C,E01020859,10.7,18.8,56.8,13.7
County Durham 064D,E01020860,7.9,24.2,57.6,10.3
County Durham 064E,E01020861,8.1,19.8,59.8,12.3
County Durham 064F,E01020862,9.6,17.6,55.9,16.9
County Durham 064G,E01020864,10.8,18.5,54.3,16.4
County Durham 064H,E01020867,8.4,20.5,54.3,16.7
County Durham 042A,E01020889,11.7,18.5,49.8,20.0
County Durham 042B,E01020890,9.4,23.6,49.8,17.3
County Durham 042C,E01020891,11.2,20.2,45.2,23.3
County Durham 042D,E01020905,8.4,19.9,61.3,10.5
County Durham 042E,E01020906,9.5,21.9,51.9,16.7
County Durham 045A,E01020876,8.1,20.2,62.5,9.2
County Durham 045B,E01020878,10.5,20.5,61.8,7.2
County Durham 045C,E01020887,7.8,19.8,62.6,9.9
County Durham 045D,E01020892,7.9,20.3,56.4,15.4
County Durham 045E,E01020894,6.7,18.1,62.7,12.4
County Durham 045F,E01020898,7.4,26.3,60.3,6.0
County Durham 046A,E01020877,9.5,20.5,59.8,10.2
County Durham 046B,E01020879,7.0,18.7,64.4,9.9
County Durham 046C,E01020893,8.5,19.8,61.0,10.7
County Durham 046D,E01020899,7.7,18.4,61.1,12.8
County Durham 046E,E01020903,7.2,20.7,60.7,11.3
County Durham 046F,E01020904,6.6,21.0,61.7,10.7
County Durham 051A,E01020873,9.3,24.1,56.8,9.8
County Durham 051B,E01020875,10.3,19.3,58.2,12.2
County Durham 051C,E01020900,7.0,20.8,62.0,10.1
County Durham 051D,E01020901,10.4,25.2,56.9,7.5
County Durham 051E,E01020902,6.9,23.0,61.9,8.2
County Durham 055A,E01020868,7.4,18.2,65.0,9.4
County Durham 055B,E01020869,7.2,25.5,60.4,7.0
County Durham 055C,E01020874,9.6,21.9,58.6,9.9
County Durham 055D,E01020880,9.3,19.2,62.8,8.7
County Durham 055E,E01020881,8.4,19.6,64.0,8.0
County Durham 056A,E01020870,7.8,23.8,59.8,8.5
County Durham 056B,E01020871,9.0,23.7,59.5,7.8
County Durham 056C,E01020872,8.9,19.9,61.4,9.8
County Durham 056D,E01020883,7.8,19.3,64.0,8.9
County Durham 056E,E01020886,8.9,22.3,61.8,7.0
County Durham 057A,E01020882,8.4,21.1,58.0,12.5
County Durham 057B,E01020888,8.3,18.0,61.4,12.3
County Durham 057C,E01020895,8.8,23.4,59.6,8.3
County Durham 057D,E01020896,11.4,21.0,58.5,9.1
County Durham 057F,E01034509,5.5,19.7,66.9,7.8
County Durham 057G,E01034510,6.6,24.2,58.7,10.6
County Durham 058A,E01020884,8.0,21.9,62.0,8.0
County Durham 058B,E01020885,8.7,20.6,63.0,7.8
County Durham 058C,E01020907,10.2,24.3,57.9,7.6
County Durham 058D,E01020908,6.8,26.0,60.8,6.4
County Durham 058E,E01020909,15.6,24.5,53.4,6.6
County Durham 067E,E01020852,9.7,19.3,60.3,10.7
County Durham 067D,E01020853,8.8,20.7,61.0,9.5
County Durham 067F,E01020854,12.2,17.8,56.8,13.2
County Durham 067C,E01020855,10.4,20.2,61.2,8.2
County Durham 067B,E01020857,12.3,20.1,47.5,20.2
County Durham 067G,E01020863,12.4,16.9,46.2,24.6
County Durham 067A,E01034511,13.0,17.3,47.6,22.0
Northumberland 004A,E01027356,13.2,23.1,48.7,15.0
Northumberland 004B,E01027357,10.1,25.4,50.9,13.6
Northumberland 004C,E01027366,13.8,19.9,50.7,15.6
Northumberland 004D,E01027367,10.6,20.7,55.7,13.0
Northumberland 005A,E01027358,10.5,25.2,53.6,10.7
Northumberland 005B,E01027359,10.4,27.3,53.5,8.8
Northumberland 005D,E01033715,10.2,25.2,54.8,9.8
Northumberland 005E,E01033717,11.6,21.0,55.5,12.0
Northumberland 006A,E01027361,10.2,23.1,57.0,9.6
Northumberland 006B,E01027362,13.2,21.5,57.1,8.2
Northumberland 006C,E01027363,10.4,26.8,52.9,10.0
Northumberland 006D,E01027364,9.9,25.0,55.6,9.6
Northumberland 006E,E01027370,14.3,22.6,47.4,15.7
Northumberland 006F,E01027371,12.7,25.5,51.0,10.8
Northumberland 006G,E01027372,15.2,22.2,51.3,11.2
Northumberland 007A,E01027365,12.9,20.7,49.4,17.0
Northumberland 007B,E01027368,14.6,19.3,51.1,15.0
Northumberland 007C,E01027369,13.2,22.6,50.0,14.2
Northumberland 007D,E01027373,12.7,21.1,46.5,19.7
Northumberland 001A,E01027376,11.1,28.7,52.3,8.0
Northumberland 001B,E01027377,16.2,25.3,48.4,10.2
Northumberland 001C,E01027385,7.9,26.9,56.7,8.5
Northumberland 001D,E01027387,10.4,25.7,53.3,10.7
Northumberland 001E,E01027388,12.4,28.4,52.4,6.8
Northumberland 001F,E01027389,10.7,25.1,54.9,9.3
Northumberland 002A,E01027378,13.2,18.8,54.0,14.0
Northumberland 002B,E01027379,9.3,24.8,53.4,12.5
Northumberland 002C,E01027380,15.1,22.6,47.5,14.8
Northumberland 002D,E01027382,14.3,21.9,45.6,18.2
Northumberland 002E,E01027386,12.5,24.4,53.5,9.6
Northumberland 003A,E01027374,15.5,20.3,48.4,15.8
Northumberland 003B,E01027375,12.6,21.5,44.8,21.1
Northumberland 003C,E01027381,13.5,20.4,47.1,19.0
Northumberland 003D,E01027383,14.6,22.0,49.3,14.2
Northumberland 003E,E01027384,15.4,22.8,43.8,18.0
Northumberland 003F,E01027390,18.0,21.9,46.9,13.2
Northumberland 022A,E01027392,8.3,23.5,60.6,7.6
Northumberland 022B,E01027393,8.4,27.0,58.8,5.8
Northumberland 022C,E01027416,9.0,26.0,58.6,6.4
Northumberland 022D,E01027424,10.9,21.7,60.9,6.5
Northumberland 023A,E01027414,9.7,19.0,61.7,9.7
Northumberland 023B,E01027415,8.3,21.7,62.6,7.4
Northumberland 023C,E01027431,9.9,19.7,63.0,7.4
Northumberland 023E,E01027442,8.0,17.2,65.7,9.1
Northumberland 023F,E01035631,6.7,19.4,65.1,8.8
Northumberland 023G,E01035632,6.4,19.3,64.8,9.5
Northumberland 024A,E01027391,7.4,24.0,59.6,9.0
Northumberland 024B,E01027422,9.1,24.0,59.2,7.7
Northumberland 024C,E01027423,10.4,22.6,60.2,6.8
Northumberland 024D,E01027429,7.9,24.1,61.3,6.6
Northumberland 024E,E01027430,8.6,22.3,62.2,6.9
Northumberland 025B,E01027426,7.9,20.9,62.0,9.2
Northumberland 025C,E01027427,7.5,21.7,62.8,8.0
Northumberland 025D,E01027428,8.5,19.1,63.7,8.7
Northumberland 025E,E01035633,7.1,20.6,62.4,9.9
Northumberland 025F,E01035634,6.5,16.2,64.1,13.2
Northumberland 025G,E01035635,4.8,13.8,69.7,11.7
Northumberland 026A,E01027437,7.5,23.2,60.2,9.0
Northumberland 026B,E01027438,6.8,21.7,63.1,8.4
Northumberland 026C,E01027439,7.3,19.5,63.7,9.4
Northumberland 026D,E01027440,6.8,19.4,66.5,7.3
Northumberland 029A,E01027398,7.2,24.3,60.8,7.7
Northumberland 029B,E01027409,9.2,19.6,61.7,9.5
Northumberland 029C,E01027411,10.0,21.8,62.4,5.7
Northumberland 029D,E01027412,8.7,18.7,63.5,9.1
Northumberland 029E,E01027413,9.5,18.9,63.3,8.3
