2011 super output area - lower layer,mnemonic,Part-time: 15 hours or less worked,Part-time: 16 to 30 hours worked,Full-time: 31 to 48 hours worked,Full-time: 49 or more hours worked
City of London 001A,E01000001,5.9,9.4,45.8,38.9
City of London 001B,E01000002,6.8,8.8,48.7,35.7
City of London 001C,E01000003,5.1,13.6,54.2,27.1
City of London 001E,E01000005,8.0,16.0,56.9,19.1
Barking and Dagenham 016A,E01000006,9.3,21.8,57.4,11.5
Barking and Dagenham 015A,E01000007,8.1,20.6,63.3,8.1
Barking and Dagenham 015B,E01000008,11.0,27.5,53.6,7.9
Barking and Dagenham 016B,E01000009,10.1,19.4,62.2,8.3
Barking and Dagenham 015C,E01000010,8.2,16.9,66.0,8.9
Barking and Dagenham 016C,E01000011,12.9,25.8,54.6,6.8
Barking and Dagenham 015D,E01000012,8.6,23.4,57.0,11.1
Barking and Dagenham 013A,E01000013,10.0,21.4,58.6,10.0
Barking and Dagenham 013B,E01000014,8.9,18.0,63.4,9.8
Barking and Dagenham 009A,E01000015,8.6,20.9,61.5,9.0
Barking and Dagenham 009B,E01000016,9.1,22.0,60.8,8.1
Barking and Dagenham 009C,E01000017,6.9,19.8,64.5,8.9
Barking and Dagenham 009D,E01000018,8.5,21.7,62.0,7.8
Barking and Dagenham 023A,E01000019,10.2,20.3,60.4,9.1
Barking and Dagenham 023B,E01000020,9.6,16.6,66.2,7.7
Barking and Dagenham 008A,E01000021,8.6,19.7,64.8,6.8
Barking and Dagenham 008B,E01000022,11.3,19.7,59.2,9.8
Barking and Dagenham 008C,E01000023,8.4,16.5,61.2,13.8
Barking and Dagenham 008D,E01000024,9.6,20.8,61.2,8.4
Barking and Dagenham 008E,E01000025,8.6,20.4,59.0,12.1
Barking and Dagenham 001A,E01000027,7.3,21.3,62.0,9.5
Barking and Dagenham 001B,E01000028,7.9,20.6,63.6,8.0
Barking and Dagenham 001C,E01000029,10.4,19.5,61.8,8.3
Barking and Dagenham 001D,E01000030,6.2,24.7,62.1,7.1
Barking and Dagenham 002A,E01000031,8.1,15.2,66.2,10.4
Barking and Dagenham 002B,E01000032,8.6,20.1,59.3,12.0
Barking and Dagenham 006A,E01000033,9.6,21.5,58.0,10.9
Barking and Dagenham 003A,E01000034,8.8,16.6,64.2,10.4
Barking and Dagenham 010A,E01000035,9.9,19.2,60.8,10.1
Barking and Dagenham 010B,E01000036,8.4,17.1,64.9,9.6
Barking and Dagenham 003B,E01000037,8.8,16.4,64.4,10.4
Barking and Dagenham 003C,E01000038,10.9,17.2,62.0,9.8
Barking and Dagenham 003D,E01000039,7.2,16.3,65.1,11.4
Barking and Dagenham 019A,E01000040,10.2,20.9,57.9,11.0
Barking and Dagenham 017A,E01000041,8.8,15.2,66.6,9.4
Barking and Dagenham 017B,E01000042,7.2,24.1,60.7,8.0
Barking and Dagenham 019B,E01000043,9.2,22.7,59.2,8.9
Barking and Dagenham 016D,E01000044,8.2,23.4,60.2,8.2
Barking and Dagenham 017C,E01000045,7.8,20.8,63.6,7.8
Barking and Dagenham 017D,E01000046,8.5,21.0,60.2,10.3
Barking and Dagenham 021B,E01000048,11.7,28.7,51.7,7.9
Barking and Dagenham 021C,E01000049,12.4,25.2,54.2,8.2
Barking and Dagenham 019C,E01000050,9.3,22.1,58.1,10.5
Barking and Dagenham 021D,E01000051,11.2,25.8,55.6,7.4
Barking and Dagenham 019D,E01000052,10.6,20.3,59.0,10.1
Barking and Dagenham 020A,E01000053,5.8,16.0,69.4,8.8
Barking and Dagenham 018A,E01000054,8.5,21.5,61.1,8.9
Barking and Dagenham 018B,E01000055,9.5,17.2,63.9,9.5
Barking and Dagenham 018C,E01000056,8.5,22.2,61.4,7.9
Barking and Dagenham 012A,E01000057,6.6,19.7,62.5,11.3
Barking and Dagenham 018D,E01000058,8.4,19.6,63.6,8.4
Barking and Dagenham 013C,E01000059,8.1,19.2,64.4,8.4
Barking and Dagenham 006B,E01000060,9.8,19.7,62.0,8.5
Barking and Dagenham 006C,E01000061,8.6,21.0,61.1,9.3
Barking and Dagenham 006D,E01000062,9.5,17.3,64.7,8.6
Barking and Dagenham 004A,E01000063,7.0,21.0,62.2,9.8
Barking and Dagenham 006E,E01000064,8.8,20.6,61.1,9.5
Barking and Dagenham 007A,E01000065,9.7,20.0,59.8,10.6
Barking and Dagenham 011A,E01000066,8.9,19.3,63.1,8.7
Barking and Dagenham 011B,E01000067,10.2,21.8,59.1,8.9
Barking and Dagenham 016E,E01000068,10.6,19.9,57.9,11.6
Barking and Dagenham 011C,E01000069,10.2,19.8,59.4,10.7
Barking and Dagenham 011D,E01000070,9.7,17.6,62.9,9.8
Barking and Dagenham 011E,E01000071,8.4,20.0,60.5,11.0
Barking and Dagenham 017E,E01000072,8.4,18.2,65.5,7.9
Barking and Dagenham 012B,E01000073,7.8,22.2,62.3,7.7
Barking and Dagenham 012C,E01000074,7.5,22.8,57.6,12.2
Barking and Dagenham 012D,E01000075,8.3,20.4,62.1,9.3
Barking and Dagenham 012E,E01000076,9.9,17.8,62.3,10.0
Barking and Dagenham 008F,E01000077,9.5,19.4,63.0,8.1
Barking and Dagenham 007B,E01000078,7.0,21.3,63.8,7.9
Barking and Dagenham 009E,E01000079,9.0,20.9,58.1,12.0
Barking and Dagenham 007C,E01000080,7.7,23.4,59.5,9.5
Barking and Dagenham 007D,E01000081,8.3,18.1,63.3,10.3
Barking and Dagenham 007E,E01000082,8.5,19.9,62.2,9.4
Barking and Dagenham 007F,E01000083,9.1,20.7,61.1,9.1
Barking and Dagenham 013D,E01000084,11.4,21.6,56.3,10.7
Barking and Dagenham 013E,E01000085,7.6,23.0,59.2,10.2
Barking and Dagenham 013F,E01000086,8.8,17.4,64.3,9.5
Barking and Dagenham 020B,E01000087,7.3,21.5,61.4,9.8
Barking and Dagenham 020C,E01000088,8.9,20.2,62.5,8.4
Barking and Dagenham 020D,E01000089,8.6,21.3,59.4,10.7
Barking and Dagenham 020E,E01000090,8.9,20.9,60.7,9.5
Barking and Dagenham 022A,E01000091,8.2,19.8,62.6,9.4
Barking and Dagenham 019E,E01000092,9.6,18.8,63.5,8.1
Barking and Dagenham 022B,E01000093,10.9,21.2,59.0,8.9
Barking and Dagenham 022C,E01000094,8.1,19.5,63.7,8.6
Barking and Dagenham 018E,E01000095,8.9,19.5,62.9,8.6
Barking and Dagenham 022D,E01000096,12.1,22.0,56.2,9.7
Barking and Dagenham 023C,E01000097,10.1,23.2,57.3,9.3
Barking and Dagenham 023D,E01000098,10.0,18.1,60.8,11.0
Barking and Dagenham 023E,E01000099,9.1,20.5,60.5,9.9
Barking and Dagenham 004B,E01000100,10.3,17.5,64.2,8.0
Barking and Dagenham 004C,E01000101,10.2,18.1,60.2,11.5
Barking and Dagenham 007G,E01000102,7.6,17.5,65.6,9.3
Barking and Dagenham 014A,E01000103,9.3,20.7,61.6,8.4
Barking and Dagenham 014B,E01000104,9.3,18.3,63.1,9.3
Barking and Dagenham 014C,E01000105,7.3,17.9,64.4,10.5
Barking and Dagenham 014D,E01000106,7.2,18.2,64.8,9.7
Barking and Dagenham 010C,E01000107,9.4,20.6,61.2,8.8
Barking and Dagenham 010D,E01000108,7.6,18.9,65.1,8.3
Barking and Dagenham 004D,E01000109,10.8,19.3,58.8,11.1
Barking and Dagenham 002C,E01000110,8.0,18.8,61.3,11.9
Barking and Dagenham 002D,E01000111,8.9,21.0,60.1,10.0
Barking and Dagenham 002E,E01000112,8.6,17.2,62.8,11.4
Barking and Dagenham 002F,E01000113,9.7,17.4,62.6,10.3
Barking and Dagenham 004E,E01000114,9.8,17.0,63.1,10.1
Barnet 009A,E01000115,12.5,21.2,51.4,14.9
Barnet 009B,E01000116,11.7,19.3,56.9,12.1
Barnet 010A,E01000117,10.0,16.8,59.5,13.7
Barnet 010B,E01000118,10.0,21.2,56.7,12.1
Barnet 009C,E01000119,9.1,18.4,57.9,14.6
Barnet 009D,E01000120,9.4,20.4,55.3,15.0
Barnet 010C,E01000121,11.0,21.7,55.4,11.8
Barnet 009E,E01000122,7.4,18.0,59.1,15.5
Barnet 010D,E01000123,10.3,17.3,60.6,11.8
Barnet 010E,E01000124,9.3,17.5,60.8,12.5
Barnet 024A,E01000125,12.0,19.7,56.1,12.2
Barnet 026A,E01000126,11.4,22.2,56.6,9.8
Barnet 024B,E01000127,9.0,20.2,59.8,10.9
Barnet 024C,E01000128,9.3,20.1,61.2,9.4
Barnet 024D,E01000129,10.1,26.6,54.4,9.0
Barnet 021A,E01000130,9.0,21.8,59.8,9.4
Barnet 024E,E01000131,8.9,21.7,59.0,10.5
Barnet 021B,E01000132,8.6,21.2,60.1,10.1
Barnet 021C,E01000133,9.4,20.1,59.0,11.6
Barnet 024F,E01000134,10.1,22.4,58.1,9.4
Barnet 038A,E01000135,13.5,17.3,48.7,20.6
Barnet 038B,E01000136,9.8,15.5,48.7,26.0
Barnet 041A,E01000137,7.3,21.7,58.8,12.2
Barnet 040A,E01000138,10.4,20.6,54.8,14.2
Barnet 041B,E01000139,10.5,16.3,51.9,21.3
Barnet 041C,E01000140,9.5,18.8,52.7,19.0
Barnet 039A,E01000141,8.4,20.5,58.6,12.5
Barnet 040B,E01000142,8.7,19.0,58.5,13.8
Barnet 041D,E01000143,10.8,23.0,53.1,13.0
Barnet 038C,E01000144,10.8,17.5,50.7,21.0
Barnet 037A,E01000145,11.0,21.0,49.9,18.1
Barnet 038D,E01000146,10.4,16.2,58.6,14.8
Barnet 030A,E01000147,7.8,20.2,60.5,11.6
Barnet 030B,E01000148,7.6,22.0,61.0,9.3
Barnet 036A,E01000150,9.4,20.9,57.5,12.3
Barnet 026B,E01000151,10.7,25.6,56.0,7.7
Barnet 026C,E01000152,11.5,29.5,52.9,6.1
Barnet 026D,E01000153,13.1,24.7,56.7,5.4
Barnet 026E,E01000154,8.1,21.3,60.6,9.9
Barnet 030D,E01000155,8.2,18.9,60.2,12.8
Barnet 022A,E01000156,8.5,17.4,57.2,16.8
Barnet 022B,E01000157,8.7,14.4,63.4,13.5
Barnet 015A,E01000158,9.5,19.1,53.4,18.0
Barnet 015B,E01000159,10.5,20.1,54.1,15.3
Barnet 015C,E01000160,7.6,15.1,59.1,18.2
Barnet 015D,E01000161,7.5,15.0,64.7,12.9
Barnet 015E,E01000162,10.3,19.4,58.3,12.0
Barnet 022C,E01000163,7.9,18.0,62.7,11.5
Barnet 022D,E01000164,9.6,21.6,57.0,11.8
Barnet 022E,E01000165,8.6,14.9,62.2,14.3
Barnet 003A,E01000166,8.9,17.9,56.2,17.0
Barnet 002A,E01000167,10.5,19.5,58.2,11.8
Barnet 003B,E01000168,10.6,20.7,53.2,15.5
Barnet 003C,E01000169,10.7,16.1,57.4,15.8
Barnet 006A,E01000170,8.5,17.3,59.8,14.4
Barnet 006B,E01000171,8.7,15.5,63.9,12.0
Barnet 003D,E01000172,11.0,17.9,56.6,14.5
Barnet 006C,E01000173,9.2,18.6,58.0,14.2
Barnet 006D,E01000174,8.3,20.3,57.9,13.5
Barnet 006E,E01000175,11.6,18.8,57.0,12.6
Barnet 027A,E01000176,8.9,18.0,57.9,15.2
Barnet 029A,E01000177,7.9,15.4,59.3,17.4
Barnet 027B,E01000178,9.5,16.6,55.4,18.5
Barnet 029B,E01000179,7.4,14.0,62.9,15.7
Barnet 029C,E01000180,9.0,13.5,59.5,18.0
Barnet 029D,E01000181,7.0,15.4,58.9,18.8
Barnet 029E,E01000182,7.0,12.0,60.1,20.9
Barnet 033A,E01000183,10.5,13.0,55.8,20.7
Barnet 027C,E01000184,8.6,20.7,60.9,9.9
Barnet 029F,E01000185,9.5,17.3,60.5,12.6
Barnet 014A,E01000186,14.2,20.2,48.7,16.9
Barnet 014B,E01000187,11.8,20.0,51.6,16.6
Barnet 014C,E01000188,9.7,18.0,52.6,19.7
Barnet 014D,E01000189,14.1,24.7,52.4,8.7
Barnet 014E,E01000190,11.5,19.2,53.3,16.1
Barnet 014F,E01000191,9.6,21.1,55.2,14.1
Barnet 018A,E01000192,12.1,19.6,54.9,13.4
Barnet 018B,E01000193,12.3,20.4,52.7,14.5
Barnet 018C,E01000194,9.2,18.2,58.0,14.7
Barnet 013A,E01000195,9.7,19.8,62.1,8.4
Barnet 028A,E01000196,10.6,14.6,61.0,13.9
Barnet 023A,E01000197,8.0,19.0,58.6,14.3
Barnet 025A,E01000198,9.9,19.8,54.1,16.2
Barnet 025B,E01000199,14.7,18.6,46.6,20.1
Barnet 028B,E01000200,10.2,18.8,52.7,18.4
Barnet 028C,E01000201,14.7,20.1,45.8,19.4
Barnet 028D,E01000202,11.5,18.1,52.4,18.1
Barnet 028E,E01000203,12.9,20.1,51.7,15.4
Barnet 025C,E01000204,9.9,17.1,54.0,19.0
Barnet 035A,E01000205,10.8,18.4,47.4,23.4
Barnet 033B,E01000206,10.5,16.9,47.2,25.4
Barnet 033C,E01000207,11.6,17.1,46.7,24.6
Barnet 033D,E01000208,11.6,15.6,49.0,23.8
Barnet 035B,E01000209,12.9,16.4,49.3,21.4
Barnet 033E,E01000210,9.6,15.6,51.9,23.0
Barnet 035C,E01000211,9.5,17.1,57.7,15.7
Barnet 035D,E01000212,12.5,14.3,51.3,21.8
Barnet 033F,E01000213,13.6,15.3,42.2,28.9
Barnet 038E,E01000214,9.1,13.6,55.8,21.5
Barnet 037B,E01000215,11.8,23.4,50.3,14.4
Barnet 035E,E01000216,12.3,17.9,52.0,17.9
Barnet 035F,E01000217,12.3,20.1,49.7,17.9
Barnet 037C,E01000218,12.5,21.3,49.4,16.8
Barnet 037D,E01000219,11.4,23.8,52.4,12.4
Barnet 037E,E01000220,12.1,21.4,53.2,13.3
Barnet 039B,E01000221,12.4,20.2,53.7,13.6
Barnet 040C,E01000222,12.1,21.4,55.2,11.2
Barnet 039C,E01000223,8.0,23.8,57.2,11.0
Barnet 040D,E01000224,10.8,19.9,52.9,16.4
Barnet 037F,E01000225,12.8,27.2,42.2,17.8
Barnet 018D,E01000226,12.9,22.3,53.0,11.8
Barnet 018E,E01000227,10.7,19.1,58.3,11.9
Barnet 007A,E01000228,12.5,18.8,52.6,16.1
Barnet 013B,E01000229,9.8,19.8,59.1,11.2
Barnet 013C,E01000230,10.0,21.6,54.3,14.1
Barnet 013D,E01000231,11.0,19.4,59.1,10.6
Barnet 013E,E01000232,9.2,18.4,55.9,16.5
Barnet 013F,E01000233,9.4,17.2,56.2,17.2
Barnet 021D,E01000234,7.9,18.2,55.2,18.6
Barnet 021E,E01000235,9.7,19.5,56.6,14.3
Barnet 034A,E01000236,15.1,20.7,48.9,15.3
Barnet 032A,E01000237,13.2,14.3,56.6,15.9
Barnet 034B,E01000238,14.4,20.0,52.6,13.1
Barnet 031A,E01000239,7.9,14.9,62.9,14.3
Barnet 031B,E01000240,11.1,19.3,53.9,15.6
Barnet 031C,E01000241,13.9,17.4,51.4,17.3
Barnet 032B,E01000242,11.1,19.6,50.2,19.1
Barnet 032C,E01000243,11.6,18.5,55.1,14.8
Barnet 032D,E01000244,10.9,18.3,57.6,13.2
Barnet 032E,E01000245,9.7,20.1,55.4,14.8
Barnet 002B,E01000246,10.1,19.0,52.1,18.8
Barnet 002C,E01000247,8.8,14.8,60.6,15.8
Barnet 001A,E01000248,9.3,18.1,54.9,17.8
Barnet 001B,E01000249,10.0,22.7,48.2,19.2
Barnet 001C,E01000250,9.8,16.4,56.2,17.7
Barnet 002D,E01000251,8.3,14.3,64.0,13.4
Barnet 002E,E01000252,11.4,15.8,56.5,16.3
Barnet 007B,E01000253,14.4,18.7,46.7,20.2
Barnet 001D,E01000254,10.8,15.2,53.6,20.4
Barnet 017A,E01000255,11.0,20.9,52.9,15.2
Barnet 016A,E01000256,10.4,17.2,52.9,19.5
Barnet 017B,E01000257,8.9,20.3,60.4,10.4
Barnet 016B,E01000258,10.3,18.2,52.1,19.3
Barnet 025D,E01000259,9.0,16.1,57.7,17.2
Barnet 025E,E01000260,10.4,17.4,55.5,16.8
Barnet 017C,E01000261,11.4,16.6,49.2,22.7
Barnet 017D,E01000262,10.0,16.9,57.0,16.1
Barnet 016C,E01000263,15.0,15.5,49.9,19.6
Barnet 016D,E01000264,9.3,20.4,51.9,18.3
Barnet 011A,E01000265,8.2,20.8,55.0,16.0
Barnet 011B,E01000266,12.9,18.8,51.4,16.9
Barnet 005A,E01000267,10.4,18.8,53.9,16.9
Barnet 005B,E01000268,8.6,16.2,58.9,16.4
Barnet 005C,E01000269,11.9,18.2,55.8,14.1
Barnet 005D,E01000270,9.1,15.7,59.4,15.7
Barnet 008A,E01000271,13.8,16.2,50.1,19.9
Barnet 008B,E01000272,13.4,14.5,48.8,23.3
Barnet 008C,E01000273,9.8,16.4,57.2,16.7
Barnet 011C,E01000274,9.4,20.2,56.2,14.3
Barnet 012A,E01000275,8.6,17.5,55.6,18.3
Barnet 020A,E01000276,12.3,15.6,49.9,22.2
Barnet 012B,E01000277,9.4,16.9,58.0,15.7
Barnet 020B,E01000278,12.0,16.9,51.2,19.9
Barnet 007C,E01000279,13.4,17.8,42.2,26.5
Barnet 007D,E01000280,15.1,18.3,45.3,21.3
Barnet 008D,E01000281,8.4,21.4,55.1,15.1
Barnet 008E,E01000282,9.2,17.1,56.8,16.9
Barnet 012C,E01000283,12.8,18.7,48.6,20.0
Barnet 012D,E01000284,7.8,15.9,59.8,16.6
Barnet 004A,E01000285,10.1,19.1,58.5,12.4
Barnet 007E,E01000286,11.5,15.5,60.0,13.1
Barnet 004B,E01000287,9.8,21.6,56.7,11.9
Barnet 004C,E01000288,10.0,20.2,55.4,14.3
Barnet 004D,E01000289,13.1,23.8,55.0,8.1
Barnet 007F,E01000290,9.2,17.3,55.1,18.3
Barnet 004E,E01000291,11.9,24.3,53.9,9.9
Barnet 001E,E01000292,11.6,17.9,55.4,15.2
Barnet 001F,E01000293,11.4,17.0,55.0,16.7
Barnet 004F,E01000294,11.4,16.3,57.9,14.4
Barnet 023B,E01000295,8.0,14.1,58.1,19.7
Barnet 023C,E01000296,7.8,13.3,60.2,18.7
Barnet 027D,E01000297,7.5,15.0,61.0,16.5
Barnet 023D,E01000298,7.9,16.4,61.1,14.6
Barnet 019A,E01000299,7.2,16.3,62.4,14.1
Barnet 019B,E01000300,9.3,15.3,58.6,16.8
Barnet 020C,E01000301,10.3,17.4,55.0,17.2
Barnet 019C,E01000302,6.9,13.9,64.8,14.4
Barnet 020D,E01000303,9.3,16.6,55.2,18.9
Barnet 020E,E01000304,7.8,15.4,61.3,15.4
Barnet 036B,E01000305,9.8,22.5,55.3,12.5
Barnet 036C,E01000306,9.8,17.5,59.7,13.0
Barnet 039D,E01000307,10.4,20.9,60.4,8.3
Barnet 036D,E01000308,11.1,25.7,55.1,8.0
Barnet 031D,E01000309,12.9,18.4,53.4,15.2
Barnet 034C,E01000310,11.3,19.0,55.8,14.0
Barnet 034D,E01000311,13.3,20.2,47.2,19.3
Barnet 036E,E01000312,9.4,22.5,57.5,10.6
Barnet 036F,E01000313,11.8,20.7,56.1,11.4
Barnet 032F,E01000314,12.9,15.1,55.4,16.6
Barnet 022F,E01000315,10.3,21.0,58.5,10.3
Barnet 027E,E01000316,8.6,17.5,60.1,13.9
Barnet 019D,E01000317,7.2,17.4,59.1,16.3
Barnet 019E,E01000318,10.2,19.1,57.7,13.0
Barnet 027F,E01000319,10.4,15.5,57.7,16.4
Barnet 011D,E01000320,7.7,19.5,55.0,17.8
Barnet 012E,E01000321,9.5,18.5,57.4,14.5
Barnet 011E,E01000322,9.0,21.2,57.1,12.7
Barnet 019F,E01000323,10.2,16.6,59.8,13.4
Barnet 015F,E01000324,11.4,21.2,52.4,14.9
Bexley 014A,E01000325,11.3,18.5,57.4,12.8
Bexley 014B,E01000326,6.3,16.1,69.0,8.7
Bexley 017A,E01000327,10.0,18.9,60.3,10.8
Bexley 017B,E01000328,10.5,18.7,57.2,13.6
Bexley 017C,E01000329,9.0,17.9,63.0,10.1
Bexley 017D,E01000330,5.0,18.5,62.9,13.6
Bexley 017E,E01000331,8.6,21.8,58.8,10.8
Bexley 005A,E01000332,10.8,18.6,57.5,13.2
Bexley 003A,E01000333,7.2,17.1,62.3,13.4
Bexley 006A,E01000334,8.4,18.2,62.7,10.8
Bexley 003B,E01000335,9.4,17.7,61.9,11.0
Bexley 003C,E01000336,7.6,22.3,58.8,11.3
Bexley 003D,E01000337,7.6,19.0,64.0,9.4
Bexley 003E,E01000338,9.3,17.2,62.3,11.2
Bexley 025A,E01000339,10.5,16.9,60.1,12.6
Bexley 018A,E01000340,8.7,19.1,59.8,12.4
Bexley 022A,E01000341,8.6,20.8,59.4,11.2
Bexley 022B,E01000342,8.0,18.4,62.2,11.4
Bexley 022C,E01000343,10.1,21.5,52.8,15.6
Bexley 025B,E01000344,9.8,18.5,61.2,10.5
Bexley 022D,E01000345,10.2,17.1,57.3,15.4
Bexley 021A,E01000346,9.3,16.9,61.0,12.9
Bexley 021B,E01000347,10.8,20.0,57.6,11.6
Bexley 020A,E01000348,11.7,19.4,55.4,13.5
Bexley 020B,E01000349,10.4,15.5,59.0,15.2
Bexley 021C,E01000350,9.4,22.6,57.1,10.9
Bexley 024A,E01000351,9.8,19.8,59.6,10.8
Bexley 021D,E01000352,8.8,18.1,61.5,11.6
Bexley 011A,E01000353,11.7,16.9,58.3,13.1
Bexley 011B,E01000354,11.9,19.6,57.8,10.7
Bexley 011C,E01000355,9.8,19.0,57.5,13.7
Bexley 009A,E01000356,8.1,19.3,62.2,10.4
Bexley 009B,E01000357,9.6,20.0,58.4,12.0
Bexley 011D,E01000358,9.4,14.9,63.2,12.5
Bexley 009C,E01000359,8.3,18.2,61.6,11.8
Bexley 015A,E01000360,7.7,15.3,64.2,12.8
Bexley 020C,E01000361,11.0,16.4,58.0,14.6
Bexley 015B,E01000362,11.7,18.9,57.0,12.4
Bexley 020D,E01000363,8.7,16.1,60.2,14.9
Bexley 023A,E01000364,9.3,18.2,58.9,13.7
Bexley 015C,E01000365,8.5,17.6,61.7,12.3
Bexley 015D,E01000366,8.9,15.8,62.3,13.0
Bexley 010A,E01000367,9.2,21.9,59.4,9.5
Bexley 010B,E01000368,8.1,19.6,61.7,10.5
Bexley 014C,E01000369,9.5,19.9,60.2,10.4
Bexley 014D,E01000370,8.3,21.0,59.8,11.0
Bexley 014E,E01000371,5.6,17.5,64.8,12.0
Bexley 010C,E01000372,11.1,20.4,56.7,11.7
Bexley 008A,E01000373,8.9,24.1,56.4,10.6
Bexley 019A,E01000374,8.1,19.7,61.1,11.1
Bexley 019B,E01000375,10.0,15.8,64.9,9.4
Bexley 019C,E01000376,10.6,17.3,61.4,10.8
Bexley 019D,E01000377,7.4,19.8,60.6,12.2
Bexley 019E,E01000378,8.9,16.3,61.5,13.3
Bexley 019F,E01000379,8.9,17.2,62.9,11.0
Bexley 010D,E01000380,8.0,18.7,64.6,8.7
Bexley 028A,E01000381,8.5,16.5,63.2,11.8
Bexley 027A,E01000382,11.4,16.8,57.4,14.3
Bexley 028B,E01000383,10.4,20.8,56.2,12.7
Bexley 027B,E01000384,9.1,16.6,60.5,13.9
Bexley 028C,E01000385,8.6,17.9,60.7,12.9
Bexley 028D,E01000386,11.4,21.1,57.4,10.0
Bexley 027C,E01000387,8.7,19.3,60.5,11.5
Bexley 016A,E01000388,10.7,17.2,59.7,12.5
Bexley 020E,E01000389,7.6,16.7,60.6,15.1
Bexley 020F,E01000390,8.8,18.6,59.4,13.1
Bexley 021E,E01000391,9.4,17.8,62.4,10.5
Bexley 016B,E01000392,9.1,20.5,59.2,11.2
Bexley 020G,E01000393,8.1,19.3,60.2,12.5
Bexley 015E,E01000394,8.3,17.3,59.9,14.5
Bexley 018B,E01000395,11.2,18.0,57.9,12.9
Bexley 018C,E01000396,9.3,17.3,61.5,11.8
Bexley 029A,E01000398,7.6,19.7,62.6,10.1
Bexley 029B,E01000399,9.2,18.4,60.9,11.5
Bexley 029C,E01000400,10.5,17.7,62.3,9.5
Bexley 013A,E01000401,8.2,18.7,61.2,11.8
Bexley 005B,E01000402,8.0,16.5,63.8,11.7
Bexley 004A,E01000403,7.7,18.1,64.2,9.9
Bexley 004B,E01000404,7.9,15.0,63.4,13.8
Bexley 004C,E01000405,8.9,18.6,62.0,10.5
Bexley 005C,E01000406,7.9,19.6,60.7,11.9
Bexley 005D,E01000407,8.5,18.6,63.1,9.9
Bexley 004D,E01000408,9.5,18.0,60.5,12.1
Bexley 016C,E01000409,7.3,17.2,64.1,11.3
Bexley 018D,E01000410,8.4,18.2,61.1,12.3
Bexley 016D,E01000411,7.4,21.2,61.4,10.1
Bexley 018E,E01000412,7.2,15.9,64.9,12.0
Bexley 018F,E01000413,8.8,17.4,63.5,10.2
Bexley 016E,E01000414,10.0,17.3,60.7,12.0
Bexley 016F,E01000415,9.2,17.9,62.0,10.8
Bexley 002A,E01000416,7.9,20.5,61.1,10.5
Bexley 006B,E01000417,8.5,19.2,60.0,12.3
Bexley 002B,E01000418,8.6,19.2,60.6,11.6
Bexley 006C,E01000419,9.6,19.8,59.6,11.1
Bexley 006D,E01000420,9.2,20.4,58.5,11.9
Bexley 009D,E01000421,9.4,18.3,62.2,10.1
Bexley 002C,E01000422,10.4,22.0,57.8,9.8
Bexley 025C,E01000423,11.1,19.0,57.5,12.4
Bexley 026A,E01000424,8.7,13.1,62.5,15.7
Bexley 025D,E01000425,12.3,19.3,56.9,11.4
Bexley 026B,E01000426,9.5,15.5,63.2,11.7
Bexley 026C,E01000427,8.7,18.0,60.2,13.1
Bexley 027D,E01000428,9.2,15.7,59.4,15.8
Bexley 008B,E01000429,10.3,20.4,59.2,10.1
Bexley 008C,E01000430,6.2,16.5,66.7,10.6
Bexley 008D,E01000431,10.8,20.3,59.7,9.2
Bexley 008E,E01000432,8.5,18.2,62.2,11.2
Bexley 008F,E01000433,8.9,19.4,61.0,10.7
Bexley 008G,E01000434,10.2,23.1,56.2,10.5
Bexley 010E,E01000435,7.8,19.1,61.7,11.5
Bexley 011E,E01000436,9.8,20.7,58.2,11.4
Bexley 007A,E01000437,10.3,21.0,56.8,11.9
Bexley 007B,E01000438,8.8,17.5,62.3,11.5
Bexley 007C,E01000439,8.8,18.5,59.6,13.1
Bexley 007D,E01000440,10.4,18.9,59.2,11.5
Bexley 007E,E01000441,9.2,18.7,60.1,12.1
Bexley 006E,E01000442,10.5,19.0,58.8,11.7
Bexley 024B,E01000443,8.4,19.8,61.4,10.4
Bexley 023B,E01000444,11.7,19.9,51.7,16.7
Bexley 024C,E01000445,9.9,19.2,56.7,14.2
Bexley 024D,E01000446,9.5,16.5,61.7,12.3
Bexley 023C,E01000447,8.7,14.2,60.8,16.3
Bexley 023D,E01000448,10.1,19.4,57.1,13.4
Bexley 023E,E01000449,8.6,15.0,56.6,19.7
Bexley 009E,E01000450,10.4,19.3,58.5,11.8
Bexley 009F,E01000451,8.3,17.3,63.9,10.6
Bexley 009G,E01000452,11.0,20.1,57.3,11.6
Bexley 013B,E01000453,9.4,18.6,60.2,11.8
Bexley 013C,E01000454,7.6,18.5,63.5,10.5
Bexley 013D,E01000455,8.6,19.3,62.1,10.0
Bexley 013E,E01000456,10.7,19.1,61.0,9.2
Bexley 026D,E01000457,11.3,13.0,62.5,13.2
Bexley 027E,E01000458,12.2,17.9,56.4,13.5
Bexley 027F,E01000459,11.0,15.3,58.6,15.1
Bexley 022E,E01000460,12.5,15.1,57.9,14.5
Bexley 024E,E01000461,13.1,17.9,57.0,12.1
Bexley 026E,E01000462,10.3,17.6,59.8,12.3
Bexley 025E,E01000463,10.7,15.9,60.5,12.9
Bexley 002D,E01000464,9.0,18.9,62.9,9.3
Bexley 002E,E01000465,9.4,19.9,60.9,9.9
Bexley 001A,E01000466,7.0,22.2,60.8,10.0
Bexley 001B,E01000467,7.7,18.5,64.7,9.1
Bexley 001C,E01000468,7.2,20.1,63.7,9.0
Bexley 001D,E01000469,8.3,18.0,63.4,10.3
Bexley 002F,E01000470,6.7,23.4,61.9,8.0
Brent 026A,E01000471,9.1,16.4,65.9,8.6
Brent 029A,E01000472,7.5,16.1,66.8,9.7
Brent 029B,E01000473,9.4,17.1,66.1,7.4
Brent 026B,E01000474,9.1,19.1,64.2,7.5
Brent 029C,E01000475,9.0,18.8,64.4,7.8
Brent 026C,E01000476,10.5,14.0,65.8,9.7
Brent 026D,E01000477,9.8,16.5,64.2,9.6
Brent 029D,E01000478,7.7,17.2,66.9,8.2
Brent 009A,E01000479,9.2,18.5,56.3,16.0
Brent 006A,E01000480,10.1,17.0,56.2,16.7
Brent 009B,E01000481,10.1,17.0,60.1,12.8
Brent 009C,E01000482,10.8,21.4,58.8,9.1
Brent 009D,E01000483,9.7,24.2,57.9,8.2
Brent 006B,E01000484,8.7,21.5,60.4,9.5
Brent 006C,E01000485,7.1,19.8,62.1,11.0
Brent 006D,E01000486,11.7,18.9,56.8,12.7
Brent 006E,E01000487,10.1,17.2,60.1,12.5
Brent 022A,E01000488,9.8,21.2,51.6,17.3
Brent 030A,E01000489,9.0,17.9,58.8,14.3
Brent 023A,E01000490,7.0,12.8,61.1,19.2
Brent 030B,E01000491,8.3,14.7,56.5,20.6
Brent 030C,E01000492,8.0,19.1,58.0,14.9
Brent 030D,E01000493,8.4,19.5,57.0,15.0
Brent 023B,E01000494,7.1,14.3,61.8,16.9
Brent 023C,E01000495,6.1,16.6,59.8,17.5
Brent 011A,E01000497,9.7,19.6,55.6,15.0
Brent 010B,E01000498,11.1,21.6,58.3,8.9
Brent 011B,E01000499,10.9,21.5,59.5,8.0
Brent 011C,E01000501,10.0,20.1,58.4,11.4
Brent 011D,E01000502,7.5,21.6,56.9,14.1
Brent 011E,E01000503,8.9,23.1,55.6,12.3
Brent 018A,E01000504,7.9,14.3,61.0,16.8
Brent 018B,E01000505,8.9,16.6,60.3,14.2
Brent 014A,E01000506,8.9,20.3,62.1,8.7
Brent 018C,E01000507,9.5,22.0,56.4,12.1
Brent 025A,E01000508,10.6,23.4,56.5,9.5
Brent 014B,E01000509,9.0,17.5,60.6,12.9
Brent 014C,E01000510,12.0,18.7,59.7,9.5
Brent 014D,E01000511,8.7,23.8,54.6,12.9
Brent 018D,E01000512,7.5,18.0,60.5,14.1
Brent 002A,E01000513,10.7,20.0,58.9,10.4
Brent 002B,E01000514,10.0,18.1,57.2,14.7
Brent 003A,E01000515,9.4,20.7,58.9,11.0
Brent 002C,E01000516,10.7,21.4,55.8,12.1
Brent 003B,E01000517,9.9,16.9,59.6,13.5
Brent 005A,E01000518,10.1,19.1,58.1,12.6
Brent 005B,E01000519,9.0,20.0,59.0,11.9
Brent 002D,E01000520,10.2,20.1,56.0,13.7
Brent 025B,E01000521,11.8,24.7,54.9,8.6
Brent 025C,E01000522,9.7,24.9,58.2,7.2
Brent 031A,E01000523,9.2,21.4,59.4,10.0
Brent 031B,E01000524,12.3,24.2,53.1,10.5
Brent 031C,E01000525,9.9,24.4,58.1,7.7
Brent 025D,E01000526,10.8,24.5,58.5,6.1
Brent 025E,E01000527,8.5,23.9,59.6,8.0
Brent 025F,E01000528,12.5,27.8,51.7,8.0
Brent 033A,E01000530,7.6,18.0,60.8,13.6
Brent 033B,E01000531,9.5,17.7,59.5,13.3
Brent 033C,E01000532,8.1,12.6,62.9,16.4
Brent 031E,E01000533,7.4,22.7,57.1,12.7
Brent 033D,E01000534,10.7,17.9,58.2,13.3
Brent 031F,E01000535,10.0,18.6,59.7,11.7
Brent 004A,E01000536,12.2,17.2,57.0,13.6
Brent 004B,E01000538,10.1,20.3,53.5,16.1
Brent 004C,E01000539,8.3,14.8,62.1,14.8
Brent 004D,E01000540,9.3,18.1,56.4,16.2
Brent 004E,E01000541,8.0,21.3,56.6,14.1
Brent 003E,E01000543,11.0,17.7,60.3,11.0
Brent 034A,E01000544,9.8,18.3,61.4,10.5
Brent 028A,E01000545,6.9,17.0,58.3,17.8
Brent 028B,E01000546,8.4,14.5,58.0,19.1
Brent 028C,E01000547,6.7,16.4,60.9,16.0
Brent 028D,E01000548,6.0,11.5,62.5,20.0
Brent 028E,E01000549,5.0,14.5,59.4,21.2
Brent 034B,E01000550,9.7,15.7,60.2,14.4
Brent 034C,E01000551,9.1,23.6,56.4,10.9
Brent 034D,E01000552,13.9,25.0,53.3,7.9
Brent 015A,E01000553,10.6,17.2,59.3,12.9
Brent 015B,E01000554,7.7,17.9,59.9,14.6
Brent 015C,E01000555,9.0,17.1,55.3,18.6
Brent 015D,E01000556,10.7,16.9,58.9,13.5
Brent 015E,E01000557,10.4,17.6,59.4,12.7
Brent 015F,E01000558,8.7,15.8,57.2,18.3
Brent 018E,E01000559,8.3,15.7,61.0,15.1
Brent 023D,E01000560,8.1,13.1,58.0,20.8
Brent 023E,E01000561,8.4,14.9,58.7,18.0
Brent 008A,E01000562,10.4,17.7,54.2,17.6
Brent 008B,E01000563,7.1,18.2,58.8,15.9
Brent 013A,E01000564,9.7,20.6,59.5,10.2
Brent 013B,E01000565,11.7,19.5,57.4,11.4
Brent 008C,E01000566,7.5,16.3,62.8,13.5
Brent 016A,E01000567,11.1,19.5,57.7,11.6
Brent 008D,E01000568,11.1,12.0,68.7,8.3
Brent 008E,E01000569,11.3,18.9,55.0,14.7
Brent 012A,E01000570,9.3,20.3,61.2,9.3
Brent 012B,E01000571,10.9,19.8,54.6,14.7
Brent 007A,E01000572,10.9,16.7,62.1,10.3
Brent 007B,E01000573,9.0,15.4,63.2,12.4
Brent 007C,E01000574,7.2,18.7,60.8,13.3
Brent 007D,E01000575,10.4,14.4,62.5,12.6
Brent 012C,E01000576,10.7,17.9,59.2,12.3
Brent 007E,E01000577,8.2,18.5,62.1,11.2
Brent 012D,E01000578,6.5,18.8,63.1,11.6
Brent 032A,E01000579,6.9,14.3,58.7,20.0
Brent 032B,E01000580,6.2,17.2,53.4,23.2
Brent 030E,E01000581,8.0,12.3,60.7,18.9
Brent 032C,E01000582,6.8,15.1,55.1,23.0
Brent 032D,E01000583,6.9,13.7,58.4,21.1
Brent 033E,E01000584,9.1,17.5,59.0,14.5
Brent 033F,E01000585,8.4,14.6,58.1,18.8
Brent 032E,E01000586,7.4,15.9,60.6,16.1
Brent 001A,E01000587,10.8,18.7,59.1,11.4
Brent 002E,E01000588,8.2,20.1,59.6,12.1
Brent 001B,E01000589,10.3,18.1,61.2,10.3
Brent 001C,E01000590,9.2,19.3,57.7,13.8
Brent 003F,E01000591,11.3,17.0,62.5,9.2
Brent 001D,E01000592,8.2,18.4,62.5,10.8
Brent 001E,E01000593,8.7,18.2,61.5,11.6
Brent 001F,E01000594,10.4,21.8,58.6,9.2
Brent 027A,E01000595,9.4,23.5,57.2,9.9
Brent 021A,E01000596,12.0,24.9,53.8,9.4
Brent 027D,E01000599,10.5,20.7,60.0,8.8
Brent 027E,E01000600,10.8,21.0,57.4,10.8
Brent 021B,E01000601,11.3,25.4,52.2,11.1
Brent 021C,E01000602,10.4,23.4,59.7,6.6
Brent 021D,E01000603,8.1,22.4,60.9,8.6
Brent 021E,E01000604,10.4,26.4,56.9,6.3
Brent 021F,E01000605,8.1,28.5,57.0,6.4
Brent 016B,E01000606,10.6,18.4,60.2,10.7
Brent 013C,E01000607,9.5,23.3,58.1,9.1
Brent 013D,E01000608,10.5,25.0,57.0,7.5
Brent 016C,E01000609,9.1,18.5,63.0,9.4
Brent 019A,E01000610,10.2,20.2,59.1,10.5
Brent 016D,E01000611,8.6,21.5,62.0,7.9
Brent 019B,E01000612,9.8,21.4,60.3,8.4
Brent 013E,E01000613,8.4,20.6,60.4,10.5
Brent 017B,E01000615,8.9,15.8,67.5,7.8
Brent 020A,E01000616,9.5,17.8,59.8,12.9
Brent 017C,E01000617,8.6,20.5,60.4,10.5
Brent 017D,E01000618,10.2,18.7,63.1,8.0
Brent 017E,E01000619,8.4,20.4,62.8,8.4
Brent 020B,E01000620,9.5,19.2,62.2,9.2
Brent 020C,E01000621,9.2,18.8,63.9,8.1
Brent 010D,E01000622,7.4,19.2,60.8,12.6
Brent 005C,E01000623,8.4,18.8,61.1,11.8
Brent 005D,E01000624,9.6,21.6,58.8,10.0
Brent 009E,E01000625,10.4,18.7,59.3,11.6
Brent 010E,E01000626,10.8,20.5,59.8,8.9
Brent 014E,E01000627,8.2,23.8,58.9,9.0
Brent 014F,E01000628,10.9,19.4,60.0,9.8
Brent 005E,E01000629,11.4,18.2,61.4,9.0
Brent 026E,E01000630,8.6,20.3,62.6,8.5
Brent 019C,E01000631,9.3,16.1,66.4,8.1
Brent 029E,E01000632,9.6,19.9,60.2,10.2
Brent 019D,E01000633,9.9,17.0,63.5,9.6
Brent 019E,E01000634,9.3,19.5,64.0,7.2
Brent 020D,E01000635,9.7,20.4,60.5,9.4
Brent 020E,E01000636,9.6,20.1,59.6,10.6
Brent 022B,E01000637,7.7,16.1,62.3,13.9
Brent 024A,E01000638,11.1,20.8,58.2,9.8
Brent 022C,E01000639,6.7,14.3,64.7,14.2
Brent 024B,E01000640,9.1,22.4,57.9,10.7
Brent 024C,E01000641,9.6,20.9,58.4,11.2
Brent 022D,E01000642,5.7,15.7,62.8,15.7
Brent 024D,E01000643,7.3,21.3,62.6,8.8
Brent 022E,E01000644,8.4,16.7,64.0,10.9
Bromley 007A,E01000645,11.9,14.5,46.7,26.9
Bromley 016A,E01000646,5.2,11.6,63.6,19.6
Bromley 016B,E01000647,8.7,15.7,60.2,15.4
Bromley 016C,E01000648,10.3,17.1,56.1,16.6
Bromley 007B,E01000649,9.6,15.7,51.3,23.4
Bromley 022A,E01000650,11.5,18.3,48.5,21.7
Bromley 020A,E01000651,9.4,17.1,56.4,17.1
Bromley 022B,E01000652,10.9,17.4,58.1,13.5
Bromley 016D,E01000653,9.4,17.8,51.7,21.1
Bromley 039A,E01000654,9.1,18.6,57.3,15.0
Bromley 039B,E01000655,8.8,18.1,59.5,13.6
Bromley 039C,E01000656,11.6,19.3,56.7,12.4
Bromley 039D,E01000657,8.6,16.8,61.1,13.4
Bromley 042A,E01000658,11.5,18.3,54.6,15.7
Bromley 039E,E01000659,11.2,19.4,56.5,12.8
Bromley 026A,E01000661,9.2,21.4,58.7,10.8
Bromley 026B,E01000662,8.9,20.3,59.2,11.5
Bromley 026C,E01000663,8.4,20.3,56.6,14.8
Bromley 026D,E01000664,12.1,17.9,58.9,11.1
Bromley 033A,E01000665,11.5,18.7,56.7,13.1
Bromley 033B,E01000666,12.2,18.0,49.2,20.6
Bromley 033C,E01000667,12.6,21.1,43.7,22.6
Bromley 020B,E01000668,7.1,17.3,60.2,15.4
Bromley 020C,E01000669,7.0,17.8,64.4,10.8
Bromley 018A,E01000670,7.9,11.7,61.7,18.7
Bromley 020D,E01000671,8.2,17.1,61.9,12.8
Bromley 011A,E01000672,7.8,13.8,62.9,15.4
Bromley 011B,E01000673,6.9,17.9,60.2,14.9
Bromley 008A,E01000674,7.6,15.1,62.7,14.6
Bromley 018B,E01000675,8.0,15.8,58.5,17.7
Bromley 008B,E01000676,6.7,12.8,65.4,15.1
Bromley 018C,E01000677,6.9,14.1,64.3,14.7
Bromley 016E,E01000678,7.6,15.9,60.9,15.6
Bromley 020E,E01000679,6.8,17.7,63.6,11.8
Bromley 037A,E01000680,12.4,17.6,48.1,21.9
Bromley 035A,E01000681,10.3,18.9,58.4,12.4
Bromley 035B,E01000682,10.4,20.9,58.8,10.0
Bromley 035C,E01000683,8.5,16.6,61.5,13.4
Bromley 035D,E01000684,10.6,16.8,54.5,18.1
Bromley 037B,E01000685,11.2,18.2,56.9,13.7
Bromley 037C,E01000686,13.2,16.3,56.4,14.1
Bromley 037D,E01000687,12.3,17.7,55.0,15.0
Bromley 037E,E01000688,12.6,17.7,51.2,18.4
Bromley 002A,E01000689,9.8,16.2,59.7,14.2
Bromley 002B,E01000690,9.2,17.9,55.9,17.0
Bromley 002C,E01000691,7.3,19.1,60.2,13.3
Bromley 002D,E01000692,8.4,18.3,54.8,18.5
Bromley 010A,E01000693,9.4,15.2,52.1,23.2
Bromley 007C,E01000694,8.1,18.4,45.2,28.2
Bromley 007D,E01000695,9.9,15.3,52.0,22.7
Bromley 007E,E01000696,10.3,15.1,49.6,25.0
Bromley 007F,E01000697,7.4,11.9,57.1,23.6
Bromley 010B,E01000698,12.6,22.0,47.4,18.0
Bromley 015A,E01000699,7.6,17.7,62.8,11.9
Bromley 013A,E01000700,5.2,13.7,68.2,13.0
Bromley 015B,E01000701,7.6,13.2,65.6,13.6
Bromley 013B,E01000702,5.9,14.0,64.4,15.8
Bromley 013C,E01000703,8.2,14.9,60.8,16.0
Bromley 015C,E01000704,8.3,15.6,65.6,10.5
Bromley 015D,E01000705,7.0,16.2,63.5,13.3
Bromley 013D,E01000706,7.0,14.8,66.9,11.3
Bromley 041A,E01000707,7.6,16.1,62.4,13.9
Bromley 041B,E01000708,6.2,17.9,60.7,15.3
Bromley 006A,E01000709,5.8,11.9,68.3,14.1
Bromley 006B,E01000710,4.0,12.3,67.2,16.6
Bromley 006C,E01000711,4.0,9.2,68.4,18.4
Bromley 012A,E01000712,7.5,11.6,65.8,15.1
Bromley 012B,E01000713,6.7,12.0,61.7,19.5
Bromley 006D,E01000714,5.1,10.5,65.4,19.0
Bromley 012C,E01000715,5.7,12.5,63.5,18.3
Bromley 011C,E01000716,10.0,15.4,58.4,16.3
Bromley 011D,E01000717,6.0,12.3,65.5,16.2
Bromley 006E,E01000718,5.7,13.5,66.5,14.3
Bromley 019A,E01000719,5.8,17.1,67.2,9.9
Bromley 019B,E01000720,7.3,16.6,60.4,15.7
Bromley 019C,E01000721,9.2,22.8,58.0,10.1
Bromley 023A,E01000722,10.2,17.0,61.0,11.7
Bromley 029A,E01000723,10.4,20.5,57.1,12.0
Bromley 019D,E01000724,11.3,21.0,60.0,7.7
Bromley 023B,E01000725,7.7,18.4,63.6,10.3
Bromley 029B,E01000726,10.2,17.7,58.9,13.2
Bromley 028A,E01000727,10.0,15.4,60.9,13.7
Bromley 019E,E01000728,9.3,17.5,61.4,11.8
Bromley 014A,E01000729,9.1,21.2,59.2,10.5
Bromley 014B,E01000730,12.3,21.1,57.1,9.4
Bromley 023C,E01000731,8.4,19.6,59.5,12.5
Bromley 023D,E01000732,10.5,18.4,54.7,16.4
Bromley 023E,E01000733,10.4,17.3,60.8,11.6
Bromley 028B,E01000734,8.2,20.2,56.2,15.4
Bromley 014C,E01000735,10.6,18.7,59.6,11.2
Bromley 010C,E01000736,9.7,19.5,58.9,11.9
Bromley 010D,E01000737,8.6,18.6,58.6,14.2
Bromley 014D,E01000738,10.9,18.6,58.5,12.0
Bromley 014E,E01000739,12.9,20.5,56.2,10.4
Bromley 005A,E01000740,7.8,18.7,62.9,10.6
Bromley 005B,E01000741,7.4,14.5,65.1,13.0
Bromley 005C,E01000742,6.5,15.3,66.7,11.5
Bromley 009A,E01000743,7.0,19.1,63.2,10.7
Bromley 009B,E01000744,12.1,22.2,57.5,8.2
Bromley 005D,E01000745,6.8,11.8,67.1,14.4
Bromley 005E,E01000746,6.8,13.5,64.1,15.7
Bromley 042B,E01000747,11.0,19.5,50.3,19.1
Bromley 042C,E01000748,11.8,17.4,51.5,19.3
Bromley 036A,E01000749,12.2,20.9,51.4,15.5
Bromley 036B,E01000750,11.7,20.9,56.6,10.8
Bromley 036C,E01000751,10.4,18.1,56.5,15.0
Bromley 036D,E01000752,11.3,18.2,55.9,14.5
Bromley 031A,E01000753,13.0,17.3,54.9,14.8
Bromley 031B,E01000754,9.2,20.1,58.1,12.6
Bromley 031C,E01000755,10.4,21.6,56.0,11.9
Bromley 033D,E01000756,16.0,18.4,47.5,18.2
Bromley 031D,E01000757,10.3,18.2,57.3,14.1
Bromley 031E,E01000758,11.6,16.9,57.2,14.3
Bromley 034A,E01000759,14.8,16.6,52.2,16.4
Bromley 034B,E01000760,10.2,18.8,56.3,14.8
Bromley 034C,E01000761,9.8,21.6,53.3,15.4
Bromley 018D,E01000762,8.8,16.7,59.7,14.7
Bromley 027A,E01000763,10.2,19.9,53.7,16.2
Bromley 027B,E01000764,9.9,19.1,58.4,12.6
Bromley 034D,E01000765,8.7,17.3,55.5,18.5
Bromley 027C,E01000766,12.6,18.8,51.2,17.4
Bromley 027D,E01000767,11.3,20.3,56.0,12.4
Bromley 034E,E01000768,11.3,18.0,53.4,17.3
Bromley 024A,E01000769,11.7,19.4,57.4,11.5
Bromley 012D,E01000770,10.0,11.7,56.8,21.4
Bromley 041C,E01000771,10.7,18.8,56.2,14.3
Bromley 012E,E01000772,7.5,18.6,55.1,18.9
Bromley 024B,E01000773,9.0,18.8,56.6,15.5
Bromley 041D,E01000774,9.0,16.2,64.4,10.4
Bromley 024C,E01000775,10.8,17.6,52.8,18.8
Bromley 024D,E01000777,9.2,19.3,57.3,14.2
Bromley 024E,E01000778,9.6,20.0,58.7,11.7
Bromley 001A,E01000779,8.1,15.2,58.0,18.7
Bromley 001B,E01000780,9.7,18.8,60.7,10.9
Bromley 001C,E01000781,5.6,20.8,63.0,10.6
Bromley 001D,E01000782,7.6,20.4,61.6,10.4
Bromley 001E,E01000783,8.3,18.3,59.4,14.0
Bromley 002E,E01000784,9.5,17.4,58.0,15.1
Bromley 001F,E01000785,10.2,23.0,55.4,11.4
Bromley 032A,E01000786,10.4,20.3,53.7,15.6
Bromley 029C,E01000787,8.4,19.9,61.8,9.9
Bromley 029D,E01000788,10.2,18.8,58.4,12.6
Bromley 032B,E01000789,11.7,22.2,57.5,8.6
Bromley 028C,E01000790,8.7,15.5,61.1,14.7
Bromley 029E,E01000791,10.6,18.9,58.9,11.6
Bromley 032C,E01000792,9.0,17.6,58.3,15.1
Bromley 032D,E01000793,12.3,18.9,55.6,13.2
Bromley 035E,E01000794,12.0,20.2,54.8,13.0
Bromley 032E,E01000795,11.8,17.8,58.5,11.9
Bromley 009C,E01000796,11.0,21.0,58.4,9.5
Bromley 013E,E01000797,9.0,16.9,57.9,16.2
Bromley 009D,E01000798,12.5,20.1,57.3,10.1
Bromley 004A,E01000799,8.8,17.6,63.2,10.4
Bromley 009E,E01000800,8.3,11.8,66.9,13.0
Bromley 015E,E01000801,7.3,18.7,62.0,12.0
Bromley 004B,E01000802,6.6,17.1,61.6,14.7
Bromley 004C,E01000803,8.5,16.1,63.3,12.1
Bromley 004D,E01000804,9.7,16.3,55.5,18.5
Bromley 004E,E01000805,9.4,18.7,59.0,12.9
Bromley 009F,E01000806,7.1,21.4,61.8,9.7
Bromley 022C,E01000807,11.3,15.6,53.9,19.1
Bromley 025A,E01000808,10.8,18.0,54.6,16.6
Bromley 022D,E01000809,12.0,16.1,58.5,13.5
Bromley 025B,E01000810,8.9,19.4,53.4,18.4
Bromley 025C,E01000811,8.7,15.6,61.2,14.5
Bromley 028D,E01000812,9.1,17.7,57.5,15.6
Bromley 025D,E01000813,12.0,17.6,55.3,15.1
Bromley 028E,E01000814,14.7,17.2,50.1,18.0
Bromley 025E,E01000815,15.7,16.9,43.7,23.7
Bromley 040A,E01000816,7.6,18.0,62.6,11.8
Bromley 040B,E01000818,10.0,17.9,58.8,13.2
Bromley 040C,E01000819,7.6,21.1,56.7,14.6
Bromley 008C,E01000820,8.0,14.4,59.4,18.3
Bromley 008D,E01000822,7.4,14.1,63.3,15.2
Bromley 008E,E01000823,8.0,15.0,61.1,15.9
Bromley 008F,E01000824,8.3,17.3,59.2,15.2
Bromley 008G,E01000825,5.6,12.7,65.7,16.1
Bromley 021A,E01000826,13.6,18.9,49.9,17.6
Bromley 021B,E01000827,9.9,15.0,58.7,16.4
Bromley 011E,E01000828,9.1,13.0,60.6,17.3
Bromley 018E,E01000829,8.1,16.8,58.6,16.6
Bromley 021C,E01000830,14.8,17.6,48.3,19.4
Bromley 021D,E01000831,11.7,15.8,54.5,18.0
Bromley 030A,E01000832,12.0,21.0,50.8,16.2
Bromley 021E,E01000833,10.7,21.2,52.4,15.7
Bromley 027E,E01000834,11.8,19.7,56.9,11.6
Bromley 030B,E01000835,12.8,18.0,53.6,15.6
Bromley 030C,E01000836,10.1,21.5,55.0,13.4
Bromley 030D,E01000837,10.6,19.7,56.7,13.0
Bromley 030E,E01000838,11.6,20.1,54.2,14.0
Bromley 030F,E01000839,11.7,20.2,53.9,14.1
Bromley 030G,E01000840,14.0,19.7,51.5,14.7
Bromley 030H,E01000841,12.1,19.0,54.2,14.8
Camden 011A,E01000842,7.5,10.6,47.2,34.6
Camden 014A,E01000843,7.8,10.6,49.1,32.6
Camden 011B,E01000844,5.3,8.8,50.1,35.7
Camden 014B,E01000845,7.2,10.3,52.1,30.5
Camden 014C,E01000846,10.7,21.8,49.7,17.9
Camden 014D,E01000847,8.3,15.7,48.7,27.2
Camden 011C,E01000848,6.2,10.7,49.8,33.3
Camden 011D,E01000849,5.9,13.0,52.0,29.0
Camden 026A,E01000850,7.0,9.9,58.0,25.1
Camden 026B,E01000851,14.5,11.1,51.7,22.7
Camden 026C,E01000852,25.6,11.7,43.9,18.9
Camden 025A,E01000853,10.6,19.1,56.1,14.1
Camden 026D,E01000854,12.1,16.3,48.1,23.5
Camden 028A,E01000855,4.8,10.6,62.7,21.9
Camden 019A,E01000856,10.5,17.8,57.0,14.6
Camden 018A,E01000857,5.6,12.7,50.5,31.3
Camden 018B,E01000858,8.4,17.2,52.6,21.8
Camden 018C,E01000859,7.3,12.3,45.4,35.1
Camden 018D,E01000860,8.8,13.0,52.7,25.5
Camden 019B,E01000861,10.5,14.5,57.4,17.5
Camden 018E,E01000862,6.3,11.8,50.4,31.6
Camden 021A,E01000863,9.5,11.1,56.6,22.8
Camden 015A,E01000864,6.4,15.1,58.9,19.6
Camden 015B,E01000865,16.7,15.6,48.1,19.6
Camden 009A,E01000866,8.0,16.2,56.6,19.3
Camden 015C,E01000867,8.1,19.1,57.6,15.1
Camden 015D,E01000868,11.9,21.5,54.9,11.7
Camden 015E,E01000869,8.7,14.2,56.6,20.6
Camden 009B,E01000870,7.6,16.3,58.0,18.2
Camden 005A,E01000871,9.1,14.2,53.4,23.2
Camden 005B,E01000872,6.5,11.8,64.8,16.9
Camden 005C,E01000873,6.9,11.3,57.9,24.0
Camden 005D,E01000874,8.7,11.6,53.2,26.5
Camden 013A,E01000875,5.6,12.1,62.1,20.2
Camden 013B,E01000876,8.8,12.6,59.8,18.7
Camden 005E,E01000877,5.0,10.8,60.4,23.7
Camden 004A,E01000878,15.3,12.4,43.3,29.0
Camden 004B,E01000879,10.0,12.3,46.1,31.5
Camden 004C,E01000880,7.2,10.3,45.1,37.5
Camden 008A,E01000881,6.9,11.9,48.3,32.8
Camden 008B,E01000882,7.2,9.6,48.6,34.5
Camden 008C,E01000883,6.7,7.9,53.4,31.9
Camden 004D,E01000884,12.4,15.1,38.7,33.8
Camden 004E,E01000885,11.7,15.1,41.3,31.9
Camden 006A,E01000886,6.7,17.2,54.5,21.6
Camden 006B,E01000887,6.2,11.9,55.7,26.2
Camden 006C,E01000888,8.3,15.1,52.2,24.4
Camden 007A,E01000889,10.8,20.8,55.8,12.6
Camden 007B,E01000890,11.8,25.6,54.6,8.0
Camden 007C,E01000891,10.4,22.2,56.1,11.3
Camden 006D,E01000892,4.8,14.1,55.2,25.9
Camden 002A,E01000893,10.4,15.2,45.6,28.8
Camden 002B,E01000894,8.5,13.8,42.4,35.3
Camden 002C,E01000895,8.4,11.1,47.7,32.8
Camden 002D,E01000896,6.5,13.6,45.6,34.3
Camden 008D,E01000897,8.5,10.9,40.8,39.8
Camden 008E,E01000898,6.1,8.1,58.4,27.4
Camden 002E,E01000899,10.5,11.0,42.6,35.8
Camden 012A,E01000900,7.9,13.8,58.5,19.8
Camden 007D,E01000901,9.3,21.9,55.4,13.4
Camden 012B,E01000902,11.1,20.2,54.7,14.0
Camden 006E,E01000903,8.7,12.6,52.5,26.2
Camden 012C,E01000904,8.2,17.8,55.2,18.8
Camden 012D,E01000905,11.3,22.4,55.0,11.4
Camden 012E,E01000906,6.2,9.1,53.8,30.9
Camden 001A,E01000907,8.0,19.1,55.7,17.2
Camden 001B,E01000908,11.6,20.2,52.4,15.8
Camden 001C,E01000909,11.0,15.4,53.1,20.5
Camden 003A,E01000910,8.8,14.8,55.4,21.0
Camden 003B,E01000911,7.0,18.7,55.6,18.7
Camden 001D,E01000912,8.9,16.4,60.9,13.9
Camden 001E,E01000913,11.1,14.5,47.5,26.9
Camden 028B,E01000914,7.9,9.0,51.8,31.3
Camden 027A,E01000915,7.7,16.1,55.4,20.7
Camden 027B,E01000916,5.7,11.2,51.0,32.1
Camden 027C,E01000917,10.3,21.2,53.2,15.3
Camden 028C,E01000918,12.6,16.2,49.6,21.6
Camden 028D,E01000919,12.3,15.3,49.0,23.4
Camden 027D,E01000920,7.0,13.1,51.7,28.2
Camden 003C,E01000921,5.6,13.4,63.7,17.3
Camden 007E,E01000922,9.1,12.0,61.0,17.9
Camden 003D,E01000923,8.4,14.2,54.6,22.8
